  RELAP5/3.3gl          strip file                21-Apr-22    14:27:47   
 strip_input                                                                    
  plotinf         12         0
  plotalf   time      tempf     tempf     tempf     htvat     htvat     htvat   
  httemp    httemp    httemp    cntrlvar
  plotnum          0 555010000 555250000 555500000   5550001   5550025   5550050
 555000101 555002501 555005001       110
  plotrec         0.000000E+00   5.514500E+02   5.514500E+02   5.514500E+02
   1.000000E+03   1.000000E+03   1.000000E+03   1.000000E+03   1.000000E+03
   1.000000E+03   6.419521E+01
  plotrec         5.001979E-01   5.524979E+02   5.594497E+02   5.587664E+02
   9.693643E+02   9.973608E+02   9.411176E+02   1.001740E+03   1.052982E+03
   9.999993E+02   8.955581E+01
  plotrec         1.000198E+00   5.524459E+02   5.588049E+02   5.586581E+02
   9.416777E+02   1.002012E+03   9.099008E+02   1.003431E+03   1.105522E+03
   9.999384E+02   5.050119E+01
  plotrec         1.505273E+00   5.530796E+02   5.588659E+02   5.582228E+02
   8.973686E+02   1.017853E+03   8.809728E+02   1.004806E+03   1.157841E+03
   9.993716E+02   5.398290E+01
  plotrec         2.002399E+00   5.519536E+02   5.590446E+02   5.586999E+02
   8.734092E+02   1.039487E+03   8.643927E+02   1.005325E+03   1.207994E+03
   9.975607E+02   4.652234E+01
  plotrec         2.504301E+00   5.519022E+02   5.584780E+02   5.586396E+02
   8.654043E+02   1.045270E+03   8.555965E+02   1.004428E+03   1.256756E+03
   9.939444E+02   5.277885E+01
  plotrec         3.005165E+00   5.518826E+02   5.587515E+02   5.586699E+02
   8.579296E+02   1.061982E+03   8.476509E+02   1.001660E+03   1.303282E+03
   9.884247E+02   3.605161E+01
  plotrec         3.501112E+00   5.518665E+02   5.588346E+02   5.586973E+02
   8.509093E+02   1.082317E+03   8.397634E+02   9.970790E+02   1.347140E+03
   9.813222E+02   3.707391E+01
  plotrec         4.004658E+00   5.518503E+02   5.588386E+02   5.586984E+02
   8.440946E+02   1.101908E+03   8.321616E+02   9.909009E+02   1.389370E+03
   9.728694E+02   3.825869E+01
  plotrec         4.503007E+00   5.518360E+02   5.588454E+02   5.586977E+02
   8.376239E+02   1.120242E+03   8.249241E+02   9.837023E+02   1.428961E+03
   9.636889E+02   3.946174E+01
  plotrec         5.002460E+00   5.518229E+02   5.588520E+02   5.586969E+02
   8.313839E+02   1.137579E+03   8.179298E+02   9.757885E+02   1.466557E+03
   9.540115E+02   4.066909E+01
  plotrec         5.503357E+00   5.518107E+02   5.588585E+02   5.586961E+02
   8.253526E+02   1.153950E+03   8.111561E+02   9.674466E+02   1.502293E+03
   9.440734E+02   4.186566E+01
  plotrec         6.000617E+00   5.517994E+02   5.588646E+02   5.586952E+02
   8.195733E+02   1.169222E+03   8.046547E+02   9.589776E+02   1.535951E+03
   9.341581E+02   4.303052E+01
  plotrec         6.501359E+00   5.517886E+02   5.588706E+02   5.586942E+02
   8.139496E+02   1.183643E+03   7.983184E+02   9.504095E+02   1.568130E+03
   9.242523E+02   4.417295E+01
  plotrec         7.000855E+00   5.517785E+02   5.588760E+02   5.586927E+02
   8.085248E+02   1.197109E+03   7.921977E+02   9.419230E+02   1.598611E+03
   9.145328E+02   4.527777E+01
  plotrec         7.502968E+00   5.517689E+02   5.588811E+02   5.586912E+02
   8.032475E+02   1.209758E+03   7.862363E+02   9.335289E+02   1.627713E+03
   9.049773E+02   4.635070E+01
  plotrec         8.002288E+00   5.517596E+02   5.588858E+02   5.586898E+02
   7.981659E+02   1.221490E+03   7.804897E+02   9.253642E+02   1.655175E+03
   8.957189E+02   4.737762E+01
  plotrec         8.504002E+00   5.517509E+02   5.588904E+02   5.586883E+02
   7.932196E+02   1.232466E+03   7.748902E+02   9.173712E+02   1.681339E+03
   8.866772E+02   4.836837E+01
  plotrec         9.000831E+00   5.517424E+02   5.588947E+02   5.586868E+02
   7.884725E+02   1.242567E+03   7.695106E+02   9.096793E+02   1.705898E+03
   8.779868E+02   4.930812E+01
  plotrec         9.502748E+00   5.517344E+02   5.588989E+02   5.586852E+02
   7.838234E+02   1.252035E+03   7.642366E+02   9.021402E+02   1.729373E+03
   8.694719E+02   5.021450E+01
  plotrec         1.000276E+01   5.517266E+02   5.589030E+02   5.586838E+02
   7.793326E+02   1.260769E+03   7.591370E+02   8.948616E+02   1.751460E+03
   8.612457E+02   5.107458E+01
  plotrec         1.050597E+01   5.517191E+02   5.589069E+02   5.586823E+02
   7.749493E+02   1.268895E+03   7.541545E+02   8.877673E+02   1.772411E+03
   8.532240E+02   5.189736E+01
  plotrec         1.100563E+01   5.517119E+02   5.589105E+02   5.586788E+02
   7.707274E+02   1.276342E+03   7.493500E+02   8.809462E+02   1.791985E+03
   8.455117E+02   5.267232E+01
  plotrec         1.150710E+01   5.517050E+02   5.589139E+02   5.586722E+02
   7.666160E+02   1.283227E+03   7.446656E+02   8.743173E+02   1.810420E+03
   8.380182E+02   5.340824E+01
  plotrec         1.200375E+01   5.516984E+02   5.589169E+02   5.586655E+02
   7.626640E+02   1.289500E+03   7.401578E+02   8.679580E+02   1.827541E+03
   8.308325E+02   5.409632E+01
  plotrec         1.250724E+01   5.516920E+02   5.589197E+02   5.586589E+02
   7.587750E+02   1.295340E+03   7.357169E+02   8.617107E+02   1.843772E+03
   8.237784E+02   5.475362E+01
  plotrec         1.300511E+01   5.516858E+02   5.589224E+02   5.586532E+02
   7.550417E+02   1.300635E+03   7.314491E+02   8.557280E+02   1.858764E+03
   8.170225E+02   5.536497E+01
  plotrec         1.350310E+01   5.516798E+02   5.589248E+02   5.586486E+02
   7.514152E+02   1.305489E+03   7.272987E+02   8.499327E+02   1.872767E+03
   8.104745E+02   5.593939E+01
  plotrec         1.400704E+01   5.516740E+02   5.589270E+02   5.586449E+02
   7.478516E+02   1.309981E+03   7.232153E+02   8.442542E+02   1.885983E+03
   8.040527E+02   5.648424E+01
  plotrec         1.450459E+01   5.516685E+02   5.589291E+02   5.586420E+02
   7.444341E+02   1.314034E+03   7.192950E+02   8.388246E+02   1.898142E+03
   7.979055E+02   5.698768E+01
  plotrec         1.500772E+01   5.516630E+02   5.589310E+02   5.586397E+02
   7.410772E+02   1.317772E+03   7.154391E+02   8.335063E+02   1.909587E+03
   7.918759E+02   5.746361E+01
  plotrec         1.550421E+01   5.516579E+02   5.589328E+02   5.586379E+02
   7.378588E+02   1.321135E+03   7.117377E+02   8.284215E+02   1.920085E+03
   7.861015E+02   5.790192E+01
  plotrec         1.600608E+01   5.516528E+02   5.589344E+02   5.586364E+02
   7.346973E+02   1.324231E+03   7.080970E+02   8.234401E+02   1.929939E+03
   7.804323E+02   5.831501E+01
  plotrec         1.650722E+01   5.516480E+02   5.589359E+02   5.586352E+02
   7.316293E+02   1.327044E+03   7.045597E+02   8.186187E+02   1.939063E+03
   7.749344E+02   5.869899E+01
  plotrec         1.700759E+01   5.516433E+02   5.589373E+02   5.586343E+02
   7.286520E+02   1.329598E+03   7.011223E+02   8.139512E+02   1.947502E+03
   7.696047E+02   5.905541E+01
  plotrec         1.750720E+01   5.516388E+02   5.589385E+02   5.586338E+02
   7.257620E+02   1.331915E+03   6.977815E+02   8.094313E+02   1.955299E+03
   7.644373E+02   5.938610E+01
  plotrec         1.800604E+01   5.516344E+02   5.589397E+02   5.586332E+02
   7.229565E+02   1.334016E+03   6.945339E+02   8.050530E+02   1.962497E+03
   7.594265E+02   5.969263E+01
  plotrec         1.850411E+01   5.516302E+02   5.589408E+02   5.586328E+02
   7.202324E+02   1.335922E+03   6.913762E+02   8.008104E+02   1.969132E+03
   7.545662E+02   5.997651E+01
  plotrec         1.900743E+01   5.516260E+02   5.589418E+02   5.586324E+02
   7.175555E+02   1.337668E+03   6.882690E+02   7.966492E+02   1.975311E+03
   7.497949E+02   6.024228E+01
  plotrec         1.950402E+01   5.516221E+02   5.589427E+02   5.586320E+02
   7.149867E+02   1.339230E+03   6.852831E+02   7.926627E+02   1.980922E+03
   7.452204E+02   6.048503E+01
  plotrec         2.000589E+01   5.516182E+02   5.589435E+02   5.586317E+02
   7.124613E+02   1.340661E+03   6.823436E+02   7.887498E+02   1.986135E+03
   7.407269E+02   6.071203E+01
  plotrec         2.050707E+01   5.516145E+02   5.589443E+02   5.586313E+02
   7.100082E+02   1.341955E+03   6.794839E+02   7.849536E+02   1.990909E+03
   7.363649E+02   6.092156E+01
  plotrec         2.100760E+01   5.516108E+02   5.589451E+02   5.586310E+02
   7.076246E+02   1.343126E+03   6.767015E+02   7.812688E+02   1.995271E+03
   7.321293E+02   6.111483E+01
  plotrec         2.150751E+01   5.516074E+02   5.589457E+02   5.586308E+02
   7.053083E+02   1.344184E+03   6.739937E+02   7.776924E+02   1.999261E+03
   7.280153E+02   6.129300E+01
  plotrec         2.200684E+01   5.516040E+02   5.589463E+02   5.586306E+02
   7.030569E+02   1.345140E+03   6.713596E+02   7.742216E+02   2.002912E+03
   7.240179E+02   6.145704E+01
  plotrec         2.250563E+01   5.516007E+02   5.589469E+02   5.586304E+02
   7.008681E+02   1.346005E+03   6.687957E+02   7.708527E+02   2.006250E+03
   7.201332E+02   6.160828E+01
  plotrec         2.300389E+01   5.515975E+02   5.589474E+02   5.586301E+02
   6.987397E+02   1.346787E+03   6.662991E+02   7.675821E+02   2.009301E+03
   7.163572E+02   6.174755E+01
  plotrec         2.350761E+01   5.515944E+02   5.589479E+02   5.586299E+02
   6.966456E+02   1.347501E+03   6.638393E+02   7.643691E+02   2.012119E+03
   7.126435E+02   6.187724E+01
  plotrec         2.400494E+01   5.515914E+02   5.589483E+02   5.586298E+02
   6.946328E+02   1.348139E+03   6.614719E+02   7.612859E+02   2.014659E+03
   7.090768E+02   6.199512E+01
  plotrec         2.450777E+01   5.515885E+02   5.589487E+02   5.586296E+02
   6.926516E+02   1.348722E+03   6.591384E+02   7.582557E+02   2.017004E+03
   7.055697E+02   6.210483E+01
  plotrec         2.500429E+01   5.515857E+02   5.589490E+02   5.586295E+02
   6.907468E+02   1.349243E+03   6.568919E+02   7.553465E+02   2.019116E+03
   7.022034E+02   6.220450E+01
  plotrec         2.550635E+01   5.515829E+02   5.589493E+02   5.586294E+02
   6.888714E+02   1.349719E+03   6.546769E+02   7.524861E+02   2.021063E+03
   6.988984E+02   6.229721E+01
  plotrec         2.600807E+01   5.515803E+02   5.589496E+02   5.586293E+02
   6.870466E+02   1.350148E+03   6.525187E+02   7.497068E+02   2.022834E+03
   6.956923E+02   6.238234E+01
  plotrec         2.650357E+01   5.515777E+02   5.589500E+02   5.586292E+02
   6.852913E+02   1.350532E+03   6.504398E+02   7.470369E+02   2.024428E+03
   6.926113E+02   6.245964E+01
  plotrec         2.700468E+01   5.515752E+02   5.589502E+02   5.586290E+02
   6.835623E+02   1.350883E+03   6.483890E+02   7.444103E+02   2.025896E+03
   6.895767E+02   6.253146E+01
  plotrec         2.750551E+01   5.515728E+02   5.589504E+02   5.586290E+02
   6.818793E+02   1.351199E+03   6.463894E+02   7.418566E+02   2.027229E+03
   6.866218E+02   6.259734E+01
  plotrec         2.800610E+01   5.515704E+02   5.589506E+02   5.586288E+02
   6.802407E+02   1.351485E+03   6.444395E+02   7.393735E+02   2.028441E+03
   6.837433E+02   6.265777E+01
  plotrec         2.850645E+01   5.515681E+02   5.589508E+02   5.586288E+02
   6.786454E+02   1.351744E+03   6.425377E+02   7.369585E+02   2.029542E+03
   6.809383E+02   6.271317E+01
  plotrec         2.900659E+01   5.515659E+02   5.589510E+02   5.586287E+02
   6.770919E+02   1.351977E+03   6.406823E+02   7.346094E+02   2.030541E+03
   6.782041E+02   6.276395E+01
  plotrec         2.950653E+01   5.515637E+02   5.589512E+02   5.586287E+02
   6.755789E+02   1.352188E+03   6.388718E+02   7.323240E+02   2.031448E+03
   6.755381E+02   6.281046E+01
  plotrec         3.000629E+01   5.515616E+02   5.589513E+02   5.586286E+02
   6.741053E+02   1.352378E+03   6.371049E+02   7.301005E+02   2.032272E+03
   6.729376E+02   6.285306E+01
  plotrec         3.050588E+01   5.515596E+02   5.589515E+02   5.586285E+02
   6.726699E+02   1.352550E+03   6.353802E+02   7.279366E+02   2.033019E+03
   6.703996E+02   6.289205E+01
  plotrec         3.100532E+01   5.515576E+02   5.589516E+02   5.586285E+02
   6.712715E+02   1.352705E+03   6.336966E+02   7.258307E+02   2.033696E+03
   6.679226E+02   6.292768E+01
  plotrec         3.150462E+01   5.515557E+02   5.589517E+02   5.586284E+02
   6.699091E+02   1.352845E+03   6.320529E+02   7.237808E+02   2.034310E+03
   6.655050E+02   6.296029E+01
  plotrec         3.200379E+01   5.515538E+02   5.589518E+02   5.586284E+02
   6.685816E+02   1.352972E+03   6.304478E+02   7.217854E+02   2.034867E+03
   6.631453E+02   6.299009E+01
  plotrec         3.250284E+01   5.515519E+02   5.589518E+02   5.586284E+02
   6.672883E+02   1.353086E+03   6.288805E+02   7.198431E+02   2.035371E+03
   6.608420E+02   6.301728E+01
  plotrec         3.300766E+01   5.515501E+02   5.589520E+02   5.586283E+02
   6.660135E+02   1.353191E+03   6.273321E+02   7.179306E+02   2.035833E+03
   6.585673E+02   6.304237E+01
  plotrec         3.350650E+01   5.515484E+02   5.589520E+02   5.586283E+02
   6.647859E+02   1.353284E+03   6.258376E+02   7.160907E+02   2.036247E+03
   6.563726E+02   6.306496E+01
  plotrec         3.400525E+01   5.515468E+02   5.589521E+02   5.586282E+02
   6.635896E+02   1.353368E+03   6.243778E+02   7.142993E+02   2.036622E+03
   6.542299E+02   6.308554E+01
  plotrec         3.450392E+01   5.515451E+02   5.589521E+02   5.586282E+02
   6.624237E+02   1.353444E+03   6.229518E+02   7.125554E+02   2.036961E+03
   6.521376E+02   6.310426E+01
  plotrec         3.500838E+01   5.515435E+02   5.589522E+02   5.586282E+02
   6.612742E+02   1.353514E+03   6.215426E+02   7.108384E+02   2.037272E+03
   6.500706E+02   6.312147E+01
  plotrec         3.550691E+01   5.515419E+02   5.589523E+02   5.586282E+02
   6.601670E+02   1.353576E+03   6.201820E+02   7.091868E+02   2.037550E+03
   6.480757E+02   6.313690E+01
  plotrec         3.600537E+01   5.515404E+02   5.589523E+02   5.586282E+02
   6.590878E+02   1.353632E+03   6.188527E+02   7.075788E+02   2.037801E+03
   6.461273E+02   6.315088E+01
  plotrec         3.650378E+01   5.515389E+02   5.589523E+02   5.586281E+02
   6.580358E+02   1.353682E+03   6.175537E+02   7.060140E+02   2.038029E+03
   6.442242E+02   6.316354E+01
  plotrec         3.700800E+01   5.515375E+02   5.589524E+02   5.586281E+02
   6.569985E+02   1.353729E+03   6.162697E+02   7.044734E+02   2.038238E+03
   6.423436E+02   6.317511E+01
  plotrec         3.750631E+01   5.515361E+02   5.589524E+02   5.586281E+02
   6.559990E+02   1.353770E+03   6.150295E+02   7.029916E+02   2.038424E+03
   6.405280E+02   6.318541E+01
  plotrec         3.800458E+01   5.515348E+02   5.589524E+02   5.586281E+02
   6.550247E+02   1.353807E+03   6.138176E+02   7.015499E+02   2.038591E+03
   6.387542E+02   6.319469E+01
  plotrec         3.850281E+01   5.515334E+02   5.589525E+02   5.586281E+02
   6.540747E+02   1.353841E+03   6.126332E+02   7.001474E+02   2.038743E+03
   6.370212E+02   6.320302E+01
  plotrec         3.900686E+01   5.515322E+02   5.589525E+02   5.586281E+02
   6.531378E+02   1.353872E+03   6.114620E+02   6.987673E+02   2.038881E+03
   6.353082E+02   6.321056E+01
  plotrec         3.950503E+01   5.515309E+02   5.589525E+02   5.586281E+02
   6.522349E+02   1.353900E+03   6.103306E+02   6.974389E+02   2.039004E+03
   6.336539E+02   6.321722E+01
  plotrec         4.000316E+01   5.515297E+02   5.589525E+02   5.586281E+02
   6.513544E+02   1.353925E+03   6.092247E+02   6.961444E+02   2.039116E+03
   6.320374E+02   6.322314E+01
  plotrec         4.050714E+01   5.515285E+02   5.589525E+02   5.586281E+02
   6.504859E+02   1.353947E+03   6.081311E+02   6.948679E+02   2.039218E+03
   6.304392E+02   6.322844E+01
  plotrec         4.100523E+01   5.515273E+02   5.589525E+02   5.586280E+02
   6.496489E+02   1.353968E+03   6.070745E+02   6.936382E+02   2.039309E+03
   6.288956E+02   6.323307E+01
  plotrec         4.150330E+01   5.515262E+02   5.589525E+02   5.586280E+02
   6.488326E+02   1.353986E+03   6.060415E+02   6.924393E+02   2.039391E+03
   6.273870E+02   6.323713E+01
  plotrec         4.200721E+01   5.515251E+02   5.589525E+02   5.586280E+02
   6.480271E+02   1.354003E+03   6.050198E+02   6.912567E+02   2.039467E+03
   6.258951E+02   6.324070E+01
  plotrec         4.250526E+01   5.515241E+02   5.589525E+02   5.586280E+02
   6.472507E+02   1.354018E+03   6.040325E+02   6.901171E+02   2.039534E+03
   6.244541E+02   6.324377E+01
  plotrec         4.300328E+01   5.515231E+02   5.589525E+02   5.586280E+02
   6.464933E+02   1.354031E+03   6.030672E+02   6.890057E+02   2.039595E+03
   6.230453E+02   6.324641E+01
  plotrec         4.350716E+01   5.515220E+02   5.589525E+02   5.586280E+02
   6.457460E+02   1.354044E+03   6.021121E+02   6.879093E+02   2.039650E+03
   6.216517E+02   6.324867E+01
  plotrec         4.400517E+01   5.515211E+02   5.589525E+02   5.586280E+02
   6.450255E+02   1.354055E+03   6.011891E+02   6.868525E+02   2.039700E+03
   6.203046E+02   6.325054E+01
  plotrec         4.450317E+01   5.515201E+02   5.589525E+02   5.586280E+02
   6.443227E+02   1.354065E+03   6.002863E+02   6.858217E+02   2.039745E+03
   6.189863E+02   6.325208E+01
  plotrec         4.500702E+01   5.515192E+02   5.589525E+02   5.586280E+02
   6.436290E+02   1.354074E+03   5.993928E+02   6.848045E+02   2.039786E+03
   6.176804E+02   6.325333E+01
  plotrec         4.550500E+01   5.515183E+02   5.589525E+02   5.586280E+02
   6.429601E+02   1.354082E+03   5.985292E+02   6.838240E+02   2.039822E+03
   6.164150E+02   6.325429E+01
  plotrec         4.600299E+01   5.515174E+02   5.589525E+02   5.586280E+02
   6.423075E+02   1.354090E+03   5.976843E+02   6.828674E+02   2.039855E+03
   6.151728E+02   6.325500E+01
  plotrec         4.650682E+01   5.515165E+02   5.589525E+02   5.586280E+02
   6.416633E+02   1.354096E+03   5.968482E+02   6.819234E+02   2.039886E+03
   6.139421E+02   6.325547E+01
  plotrec         4.700480E+01   5.515157E+02   5.589525E+02   5.586279E+02
   6.410421E+02   1.354102E+03   5.960398E+02   6.810132E+02   2.039913E+03
   6.127520E+02   6.325573E+01
  plotrec         4.750278E+01   5.515149E+02   5.589525E+02   5.586279E+02
   6.404360E+02   1.354108E+03   5.952489E+02   6.801252E+02   2.039937E+03
   6.115878E+02   6.325580E+01
  plotrec         4.800661E+01   5.515141E+02   5.589525E+02   5.586279E+02
   6.398376E+02   1.354113E+03   5.944661E+02   6.792487E+02   2.039960E+03
   6.104362E+02   6.325569E+01
  plotrec         4.850459E+01   5.515133E+02   5.589525E+02   5.586279E+02
   6.392605E+02   1.354117E+03   5.937093E+02   6.784035E+02   2.039980E+03
   6.093233E+02   6.325542E+01
  plotrec         4.900842E+01   5.515126E+02   5.589525E+02   5.586279E+02
   6.386907E+02   1.354121E+03   5.929601E+02   6.775692E+02   2.039998E+03
   6.082225E+02   6.325501E+01
  plotrec         4.950640E+01   5.515118E+02   5.589525E+02   5.586279E+02
   6.381413E+02   1.354125E+03   5.922357E+02   6.767646E+02   2.040014E+03
   6.071589E+02   6.325447E+01
  plotrec         5.000438E+01   5.515111E+02   5.589525E+02   5.586279E+02
   6.376050E+02   1.354128E+03   5.915269E+02   6.759795E+02   2.040029E+03
   6.061190E+02   6.325381E+01
  plotrec         5.050822E+01   5.515104E+02   5.589525E+02   5.586279E+02
   6.370755E+02   1.354131E+03   5.908253E+02   6.752044E+02   2.040042E+03
   6.050903E+02   6.325304E+01
  plotrec         5.100620E+01   5.515098E+02   5.589525E+02   5.586279E+02
   6.365648E+02   1.354134E+03   5.901469E+02   6.744568E+02   2.040054E+03
   6.040963E+02   6.325218E+01
  plotrec         5.150419E+01   5.515091E+02   5.589525E+02   5.586279E+02
   6.360662E+02   1.354136E+03   5.894830E+02   6.737272E+02   2.040065E+03
   6.031243E+02   6.325124E+01
  plotrec         5.200804E+01   5.515084E+02   5.589525E+02   5.586279E+02
   6.355740E+02   1.354139E+03   5.888259E+02   6.730068E+02   2.040075E+03
   6.021628E+02   6.325022E+01
  plotrec         5.250603E+01   5.515078E+02   5.589525E+02   5.586279E+02
   6.350992E+02   1.354141E+03   5.881904E+02   6.723119E+02   2.040084E+03
   6.012336E+02   6.324914E+01
  plotrec         5.300403E+01   5.515072E+02   5.589525E+02   5.586279E+02
   6.346357E+02   1.354143E+03   5.875685E+02   6.716336E+02   2.040092E+03
   6.003249E+02   6.324800E+01
  plotrec         5.350789E+01   5.515066E+02   5.589525E+02   5.586279E+02
   6.341780E+02   1.354144E+03   5.869529E+02   6.709639E+02   2.040100E+03
   5.994259E+02   6.324679E+01
  plotrec         5.400590E+01   5.515060E+02   5.589525E+02   5.586279E+02
   6.337365E+02   1.354146E+03   5.863575E+02   6.703179E+02   2.040106E+03
   5.985571E+02   6.324556E+01
  plotrec         5.450391E+01   5.515054E+02   5.589524E+02   5.586279E+02
   6.333055E+02   1.354147E+03   5.857749E+02   6.696874E+02   2.040112E+03
   5.977073E+02   6.324429E+01
  plotrec         5.500779E+01   5.515049E+02   5.589524E+02   5.586279E+02
   6.328798E+02   1.354148E+03   5.851981E+02   6.690647E+02   2.040118E+03
   5.968665E+02   6.324296E+01
  plotrec         5.550581E+01   5.515043E+02   5.589524E+02   5.586279E+02
   6.324692E+02   1.354149E+03   5.846403E+02   6.684641E+02   2.040122E+03
   5.960539E+02   6.324163E+01
  plotrec         5.600384E+01   5.515038E+02   5.589524E+02   5.586279E+02
   6.320683E+02   1.354150E+03   5.840944E+02   6.678778E+02   2.040127E+03
   5.952590E+02   6.324026E+01
  plotrec         5.650773E+01   5.515033E+02   5.589524E+02   5.586279E+02
   6.316724E+02   1.354151E+03   5.835539E+02   6.672989E+02   2.040131E+03
   5.944725E+02   6.323887E+01
  plotrec         5.700577E+01   5.515028E+02   5.589524E+02   5.586279E+02
   6.312905E+02   1.354152E+03   5.830311E+02   6.667404E+02   2.040134E+03
   5.937122E+02   6.323748E+01
  plotrec         5.750381E+01   5.515023E+02   5.589524E+02   5.586279E+02
   6.309176E+02   1.354153E+03   5.825195E+02   6.661952E+02   2.040138E+03
   5.929684E+02   6.323607E+01
  plotrec         5.800772E+01   5.515018E+02   5.589523E+02   5.586279E+02
   6.305493E+02   1.354153E+03   5.820130E+02   6.656568E+02   2.040141E+03
   5.922324E+02   6.323464E+01
  plotrec         5.850578E+01   5.515013E+02   5.589523E+02   5.586279E+02
   6.301940E+02   1.354154E+03   5.815231E+02   6.651373E+02   2.040143E+03
   5.915209E+02   6.323322E+01
  plotrec         5.900384E+01   5.515009E+02   5.589523E+02   5.586279E+02
   6.298471E+02   1.354155E+03   5.810436E+02   6.646303E+02   2.040146E+03
   5.908249E+02   6.323180E+01
  plotrec         5.950776E+01   5.515005E+02   5.589523E+02   5.586279E+02
   6.295045E+02   1.354155E+03   5.805689E+02   6.641295E+02   2.040148E+03
   5.901360E+02   6.323036E+01
  plotrec         6.000584E+01   5.515000E+02   5.589523E+02   5.586279E+02
   6.291739E+02   1.354156E+03   5.801097E+02   6.636464E+02   2.040150E+03
   5.894701E+02   6.322894E+01
  plotrec         6.050391E+01   5.514996E+02   5.589523E+02   5.586279E+02
   6.288511E+02   1.354156E+03   5.796602E+02   6.631747E+02   2.040151E+03
   5.888185E+02   6.322752E+01
  plotrec         6.100785E+01   5.514992E+02   5.589523E+02   5.586279E+02
   6.285323E+02   1.354156E+03   5.792152E+02   6.627089E+02   2.040153E+03
   5.881736E+02   6.322610E+01
  plotrec         6.150594E+01   5.514988E+02   5.589523E+02   5.586279E+02
   6.282247E+02   1.354157E+03   5.787848E+02   6.622594E+02   2.040155E+03
   5.875501E+02   6.322469E+01
  plotrec         6.200404E+01   5.514984E+02   5.589523E+02   5.586279E+02
   6.279244E+02   1.354157E+03   5.783635E+02   6.618206E+02   2.040156E+03
   5.869401E+02   6.322330E+01
  plotrec         6.250799E+01   5.514980E+02   5.589523E+02   5.586279E+02
   6.276277E+02   1.354157E+03   5.779462E+02   6.613872E+02   2.040157E+03
   5.863362E+02   6.322190E+01
  plotrec         6.300610E+01   5.514976E+02   5.589523E+02   5.586279E+02
   6.273415E+02   1.354157E+03   5.775427E+02   6.609691E+02   2.040158E+03
   5.857524E+02   6.322052E+01
  plotrec         6.350421E+01   5.514973E+02   5.589523E+02   5.586279E+02
   6.270620E+02   1.354158E+03   5.771476E+02   6.605607E+02   2.040159E+03
   5.851811E+02   6.321917E+01
  plotrec         6.400818E+01   5.514969E+02   5.589523E+02   5.586279E+02
   6.267859E+02   1.354158E+03   5.767565E+02   6.601575E+02   2.040160E+03
   5.846156E+02   6.321780E+01
  plotrec         6.450630E+01   5.514966E+02   5.589523E+02   5.586279E+02
   6.265195E+02   1.354158E+03   5.763781E+02   6.597684E+02   2.040161E+03
   5.840688E+02   6.321647E+01
  plotrec         6.500443E+01   5.514963E+02   5.589523E+02   5.586279E+02
   6.262593E+02   1.354158E+03   5.760078E+02   6.593885E+02   2.040161E+03
   5.835337E+02   6.321515E+01
  plotrec         6.550842E+01   5.514959E+02   5.589523E+02   5.586279E+02
   6.260024E+02   1.354158E+03   5.756410E+02   6.590132E+02   2.040162E+03
   5.830040E+02   6.321384E+01
  plotrec         6.600655E+01   5.514956E+02   5.589523E+02   5.586279E+02
   6.257544E+02   1.354159E+03   5.752862E+02   6.586511E+02   2.040163E+03
   5.824917E+02   6.321255E+01
  plotrec         6.650469E+01   5.514953E+02   5.589522E+02   5.586279E+02
   6.255123E+02   1.354159E+03   5.749388E+02   6.582976E+02   2.040163E+03
   5.819905E+02   6.321128E+01
  plotrec         6.700284E+01   5.514950E+02   5.589522E+02   5.586279E+02
   6.252758E+02   1.354159E+03   5.745989E+02   6.579524E+02   2.040164E+03
   5.814999E+02   6.321003E+01
  plotrec         6.750685E+01   5.514947E+02   5.589522E+02   5.586279E+02
   6.250422E+02   1.354159E+03   5.742622E+02   6.576114E+02   2.040164E+03
   5.810143E+02   6.320879E+01
  plotrec         6.800500E+01   5.514944E+02   5.589522E+02   5.586279E+02
   6.248168E+02   1.354159E+03   5.739365E+02   6.572823E+02   2.040165E+03
   5.805446E+02   6.320757E+01
  plotrec         6.850317E+01   5.514941E+02   5.589522E+02   5.586279E+02
   6.245967E+02   1.354159E+03   5.736176E+02   6.569610E+02   2.040165E+03
   5.800850E+02   6.320638E+01
  plotrec         6.900719E+01   5.514938E+02   5.589522E+02   5.586279E+02
   6.243793E+02   1.354159E+03   5.733019E+02   6.566436E+02   2.040165E+03
   5.796299E+02   6.320518E+01
  plotrec         6.950536E+01   5.514935E+02   5.589522E+02   5.586279E+02
   6.241695E+02   1.354159E+03   5.729963E+02   6.563373E+02   2.040166E+03
   5.791898E+02   6.320402E+01
  plotrec         7.000353E+01   5.514933E+02   5.589522E+02   5.586279E+02
   6.239646E+02   1.354159E+03   5.726973E+02   6.560383E+02   2.040166E+03
   5.787591E+02   6.320288E+01
  plotrec         7.050758E+01   5.514930E+02   5.589522E+02   5.586279E+02
   6.237621E+02   1.354159E+03   5.724011E+02   6.557429E+02   2.040166E+03
   5.783326E+02   6.320175E+01
  plotrec         7.100575E+01   5.514928E+02   5.589522E+02   5.586279E+02
   6.235668E+02   1.354160E+03   5.721146E+02   6.554577E+02   2.040166E+03
   5.779202E+02   6.320065E+01
  plotrec         7.150394E+01   5.514926E+02   5.589521E+02   5.586279E+02
   6.233760E+02   1.354160E+03   5.718341E+02   6.551793E+02   2.040167E+03
   5.775164E+02   6.319956E+01
  plotrec         7.200800E+01   5.514923E+02   5.589521E+02   5.586279E+02
   6.231876E+02   1.354160E+03   5.715563E+02   6.549043E+02   2.040167E+03
   5.771167E+02   6.319848E+01
  plotrec         7.250619E+01   5.514921E+02   5.589521E+02   5.586279E+02
   6.230057E+02   1.354160E+03   5.712875E+02   6.546389E+02   2.040167E+03
   5.767301E+02   6.319744E+01
  plotrec         7.300439E+01   5.514918E+02   5.589521E+02   5.586279E+02
   6.228281E+02   1.354160E+03   5.710244E+02   6.543797E+02   2.040167E+03
   5.763517E+02   6.319641E+01
  plotrec         7.350845E+01   5.514916E+02   5.589521E+02   5.586279E+02
   6.226526E+02   1.354160E+03   5.707637E+02   6.541237E+02   2.040167E+03
   5.759770E+02   6.319539E+01
  plotrec         7.400666E+01   5.514914E+02   5.589521E+02   5.586279E+02
   6.224833E+02   1.354160E+03   5.705116E+02   6.538766E+02   2.040167E+03
   5.756145E+02   6.319440E+01
  plotrec         7.450488E+01   5.514911E+02   5.589521E+02   5.586279E+02
   6.223179E+02   1.354160E+03   5.702648E+02   6.536353E+02   2.040167E+03
   5.752598E+02   6.319343E+01
  plotrec         7.500309E+01   5.514910E+02   5.589521E+02   5.586280E+02
   6.221564E+02   1.354160E+03   5.700231E+02   6.533996E+02   2.040168E+03
   5.749125E+02   6.319247E+01
  plotrec         7.550717E+01   5.514908E+02   5.589521E+02   5.586280E+02
   6.219968E+02   1.354160E+03   5.697837E+02   6.531668E+02   2.040168E+03
   5.745687E+02   6.319153E+01
  plotrec         7.600539E+01   5.514906E+02   5.589521E+02   5.586280E+02
   6.218428E+02   1.354160E+03   5.695521E+02   6.529421E+02   2.040168E+03
   5.742360E+02   6.319061E+01
  plotrec         7.650362E+01   5.514904E+02   5.589521E+02   5.586280E+02
   6.216924E+02   1.354160E+03   5.693253E+02   6.527227E+02   2.040168E+03
   5.739105E+02   6.318971E+01
  plotrec         7.700771E+01   5.514902E+02   5.589521E+02   5.586280E+02
   6.215438E+02   1.354160E+03   5.691008E+02   6.525060E+02   2.040168E+03
   5.735880E+02   6.318882E+01
  plotrec         7.750594E+01   5.514900E+02   5.589521E+02   5.586280E+02
   6.214004E+02   1.354160E+03   5.688834E+02   6.522968E+02   2.040168E+03
   5.732761E+02   6.318795E+01
  plotrec         7.800418E+01   5.514898E+02   5.589521E+02   5.586280E+02
   6.212603E+02   1.354160E+03   5.686707E+02   6.520925E+02   2.040168E+03
   5.729708E+02   6.318711E+01
  plotrec         7.850828E+01   5.514896E+02   5.589521E+02   5.586280E+02
   6.211219E+02   1.354160E+03   5.684600E+02   6.518906E+02   2.040168E+03
   5.726685E+02   6.318626E+01
  plotrec         7.900652E+01   5.514895E+02   5.589521E+02   5.586280E+02
   6.209883E+02   1.354160E+03   5.682560E+02   6.516959E+02   2.040168E+03
   5.723760E+02   6.318545E+01
  plotrec         7.950477E+01   5.514893E+02   5.589521E+02   5.586280E+02
   6.208579E+02   1.354160E+03   5.680565E+02   6.515056E+02   2.040168E+03
   5.720897E+02   6.318465E+01
  plotrec         8.000301E+01   5.514891E+02   5.589521E+02   5.586280E+02
   6.207305E+02   1.354160E+03   5.678610E+02   6.513198E+02   2.040168E+03
   5.718094E+02   6.318387E+01
  plotrec         8.050713E+01   5.514890E+02   5.589521E+02   5.586280E+02
   6.206047E+02   1.354160E+03   5.676674E+02   6.511362E+02   2.040168E+03
   5.715318E+02   6.318310E+01
  plotrec         8.100539E+01   5.514888E+02   5.589521E+02   5.586280E+02
   6.204832E+02   1.354160E+03   5.674800E+02   6.509590E+02   2.040168E+03
   5.712632E+02   6.318235E+01
  plotrec         8.150365E+01   5.514887E+02   5.589521E+02   5.586280E+02
   6.203645E+02   1.354160E+03   5.672966E+02   6.507861E+02   2.040168E+03
   5.710004E+02   6.318161E+01
  plotrec         8.200777E+01   5.514885E+02   5.589521E+02   5.586280E+02
   6.202473E+02   1.354160E+03   5.671149E+02   6.506151E+02   2.040168E+03
   5.707400E+02   6.318089E+01
  plotrec         8.250603E+01   5.514884E+02   5.589521E+02   5.586280E+02
   6.201342E+02   1.354160E+03   5.669391E+02   6.504501E+02   2.040168E+03
   5.704881E+02   6.318018E+01
  plotrec         8.300430E+01   5.514883E+02   5.589521E+02   5.586280E+02
   6.200236E+02   1.354160E+03   5.667670E+02   6.502890E+02   2.040168E+03
   5.702415E+02   6.317949E+01
  plotrec         8.350843E+01   5.514881E+02   5.589521E+02   5.586280E+02
   6.199145E+02   1.354160E+03   5.665965E+02   6.501298E+02   2.040169E+03
   5.699973E+02   6.317881E+01
  plotrec         8.400670E+01   5.514880E+02   5.589521E+02   5.586280E+02
   6.198091E+02   1.354160E+03   5.664315E+02   6.499761E+02   2.040169E+03
   5.697610E+02   6.317815E+01
  plotrec         8.450497E+01   5.514879E+02   5.589521E+02   5.586280E+02
   6.197062E+02   1.354160E+03   5.662700E+02   6.498260E+02   2.040169E+03
   5.695297E+02   6.317750E+01
  plotrec         8.500325E+01   5.514877E+02   5.589521E+02   5.586280E+02
   6.196057E+02   1.354160E+03   5.661118E+02   6.496794E+02   2.040169E+03
   5.693032E+02   6.317687E+01
  plotrec         8.550739E+01   5.514876E+02   5.589521E+02   5.586280E+02
   6.195063E+02   1.354160E+03   5.659551E+02   6.495347E+02   2.040169E+03
   5.690789E+02   6.317624E+01
  plotrec         8.600568E+01   5.514875E+02   5.589521E+02   5.586280E+02
   6.194105E+02   1.354160E+03   5.658034E+02   6.493949E+02   2.040169E+03
   5.688619E+02   6.317564E+01
  plotrec         8.650396E+01   5.514874E+02   5.589521E+02   5.586280E+02
   6.193168E+02   1.354160E+03   5.656550E+02   6.492584E+02   2.040169E+03
   5.686494E+02   6.317505E+01
  plotrec         8.700811E+01   5.514872E+02   5.589521E+02   5.586280E+02
   6.192243E+02   1.354160E+03   5.655079E+02   6.491235E+02   2.040169E+03
   5.684390E+02   6.317446E+01
  plotrec         8.750640E+01   5.514871E+02   5.589520E+02   5.586280E+02
   6.191350E+02   1.354160E+03   5.653656E+02   6.489933E+02   2.040169E+03
   5.682354E+02   6.317389E+01
  plotrec         8.800469E+01   5.514870E+02   5.589520E+02   5.586280E+02
   6.190478E+02   1.354160E+03   5.652262E+02   6.488661E+02   2.040169E+03
   5.680360E+02   6.317333E+01
  plotrec         8.850298E+01   5.514869E+02   5.589520E+02   5.586280E+02
   6.189626E+02   1.354160E+03   5.650898E+02   6.487419E+02   2.040169E+03
   5.678408E+02   6.317279E+01
  plotrec         8.900714E+01   5.514868E+02   5.589520E+02   5.586280E+02
   6.188784E+02   1.354160E+03   5.649546E+02   6.486193E+02   2.040169E+03
   5.676475E+02   6.317225E+01
  plotrec         8.950544E+01   5.514867E+02   5.589520E+02   5.586280E+02
   6.187972E+02   1.354160E+03   5.648238E+02   6.485008E+02   2.040169E+03
   5.674604E+02   6.317173E+01
  plotrec         9.000374E+01   5.514866E+02   5.589520E+02   5.586280E+02
   6.187178E+02   1.354160E+03   5.646957E+02   6.483851E+02   2.040169E+03
   5.672773E+02   6.317122E+01
  plotrec         9.050790E+01   5.514865E+02   5.589520E+02   5.586280E+02
   6.186394E+02   1.354160E+03   5.645688E+02   6.482708E+02   2.040169E+03
   5.670959E+02   6.317072E+01
  plotrec         9.100620E+01   5.514864E+02   5.589520E+02   5.586280E+02
   6.185637E+02   1.354160E+03   5.644460E+02   6.481605E+02   2.040169E+03
   5.669204E+02   6.317023E+01
  plotrec         9.150451E+01   5.514863E+02   5.589520E+02   5.586280E+02
   6.184898E+02   1.354160E+03   5.643258E+02   6.480527E+02   2.040169E+03
   5.667485E+02   6.316975E+01
  plotrec         9.200282E+01   5.514862E+02   5.589520E+02   5.586280E+02
   6.184176E+02   1.354160E+03   5.642081E+02   6.479475E+02   2.040169E+03
   5.665803E+02   6.316929E+01
  plotrec         9.250699E+01   5.514861E+02   5.589520E+02   5.586280E+02
   6.183463E+02   1.354160E+03   5.640914E+02   6.478435E+02   2.040169E+03
   5.664136E+02   6.316883E+01
  plotrec         9.300530E+01   5.514860E+02   5.589520E+02   5.586280E+02
   6.182774E+02   1.354160E+03   5.639786E+02   6.477432E+02   2.040169E+03
   5.662523E+02   6.316838E+01
  plotrec         9.350362E+01   5.514860E+02   5.589520E+02   5.586280E+02
   6.182101E+02   1.354160E+03   5.638680E+02   6.476451E+02   2.040169E+03
   5.660944E+02   6.316795E+01
  plotrec         9.400779E+01   5.514858E+02   5.589520E+02   5.586280E+02
   6.181437E+02   1.354160E+03   5.637585E+02   6.475483E+02   2.040169E+03
   5.659380E+02   6.316751E+01
  plotrec         9.450610E+01   5.514858E+02   5.589520E+02   5.586280E+02
   6.180795E+02   1.354160E+03   5.636526E+02   6.474548E+02   2.040169E+03
   5.657867E+02   6.316710E+01
  plotrec         9.500443E+01   5.514857E+02   5.589520E+02   5.586280E+02
   6.180168E+02   1.354160E+03   5.635488E+02   6.473634E+02   2.040169E+03
   5.656385E+02   6.316669E+01
  plotrec         9.550861E+01   5.514856E+02   5.589520E+02   5.586280E+02
   6.179550E+02   1.354160E+03   5.634460E+02   6.472732E+02   2.040169E+03
   5.654917E+02   6.316629E+01
  plotrec         9.600693E+01   5.514855E+02   5.589520E+02   5.586280E+02
   6.178951E+02   1.354160E+03   5.633466E+02   6.471861E+02   2.040169E+03
   5.653496E+02   6.316590E+01
  plotrec         9.650525E+01   5.514855E+02   5.589520E+02   5.586280E+02
   6.178368E+02   1.354160E+03   5.632491E+02   6.471010E+02   2.040169E+03
   5.652105E+02   6.316552E+01
  plotrec         9.700357E+01   5.514854E+02   5.589520E+02   5.586280E+02
   6.177798E+02   1.354160E+03   5.631537E+02   6.470179E+02   2.040169E+03
   5.650743E+02   6.316515E+01
  plotrec         9.750776E+01   5.514854E+02   5.589520E+02   5.586280E+02
   6.177234E+02   1.354160E+03   5.630593E+02   6.469358E+02   2.040169E+03
   5.649395E+02   6.316478E+01
  plotrec         9.800609E+01   5.514853E+02   5.589520E+02   5.586280E+02
   6.176691E+02   1.354160E+03   5.629678E+02   6.468566E+02   2.040169E+03
   5.648089E+02   6.316442E+01
  plotrec         9.850442E+01   5.514852E+02   5.589520E+02   5.586280E+02
   6.176160E+02   1.354160E+03   5.628782E+02   6.467792E+02   2.040169E+03
   5.646810E+02   6.316407E+01
  plotrec         9.900861E+01   5.514851E+02   5.589520E+02   5.586280E+02
   6.175635E+02   1.354160E+03   5.627895E+02   6.467026E+02   2.040169E+03
   5.645544E+02   6.316373E+01
  plotrec         9.950694E+01   5.514850E+02   5.589520E+02   5.586280E+02
   6.175128E+02   1.354160E+03   5.627036E+02   6.466288E+02   2.040169E+03
   5.644319E+02   6.316339E+01
  plotrec         1.000053E+02   5.514850E+02   5.589520E+02   5.586280E+02
   6.174633E+02   1.354161E+03   5.626196E+02   6.465567E+02   2.040169E+03
   5.643119E+02   6.316307E+01
