  RELAP5/3.3gl          strip file                22-Apr-22    18:43:53   
 strip_input                                                                    
  plotinf         28         0
  plotalf   time      cntrlvar  tempf     httemp    httemp    httemp    httemp  
  httemp    httemp    httemp    httemp    httemp    httemp    httemp    httemp  
  httemp    httemp    httemp    httemp    tempf     cntrlvar  htmode    htmode  
  htmode    htchfr    htchfr    htchfr  
  plotnum          0       110 555500000 555000101 555002501 555005001 555000108
 555002508 555005008 555002501 555002502 555002503 555002504 555002505 555002506
 555002507 555002508 555002509 555002510 555250000       120 555000101 555002501
 555005001 555000101 555002501 555005001
  plotrec         0.000000E+00   1.595415E+02   5.662500E+02   1.000000E+03
   1.000000E+03   1.000000E+03   1.000000E+03   1.000000E+03   1.000000E+03
   1.000000E+03   1.000000E+03   1.000000E+03   1.000000E+03   1.000000E+03
   1.000000E+03   1.000000E+03   1.000000E+03   1.000000E+03   1.000000E+03
   5.662500E+02   0.000000E+00   7.000000E+00   7.000000E+00   7.000000E+00
   1.234567E+01   1.234567E+01   1.234567E+01
  plotrec         5.001979E-01   4.283111E+01   5.934267E+02   1.002675E+03
   1.081584E+03   9.999908E+02   7.280059E+02   7.628641E+02   7.604340E+02
   1.081584E+03   1.081571E+03   1.081493E+03   1.081113E+03   1.079454E+03
   1.073246E+03   1.054261E+03   7.628641E+02   7.588526E+02   7.526463E+02
   5.841125E+02   7.429662E-01   7.000000E+00   7.000000E+00   7.000000E+00
   1.174017E+01   1.078386E+01   1.198547E+01
  plotrec         1.000198E+00   3.518784E+01   5.888088E+02   1.004913E+03
   1.161918E+03   9.995917E+02   5.888621E+02   6.996649E+02   6.965085E+02
   1.161918E+03   1.161694E+03   1.160757E+03   1.157993E+03   1.150737E+03
   1.133776E+03   1.099099E+03   6.996649E+02   6.951096E+02   6.901229E+02
   5.750033E+02   7.607821E-01   2.000000E+00   7.000000E+00   7.000000E+00
   1.234567E+01   1.679807E+01   1.930530E+01
  plotrec         1.507135E+00   3.336686E+01   5.839093E+02   1.005426E+03
   1.241039E+03   9.976312E+02   5.768640E+02   6.913724E+02   5.955283E+02
   1.241039E+03   1.240254E+03   1.237404E+03   1.230664E+03   1.216561E+03
   1.189788E+03   1.143823E+03   6.913724E+02   6.863295E+02   6.816108E+02
   5.772858E+02   7.376019E-01   2.000000E+00   7.000000E+00   2.000000E+00
   1.234567E+01   1.903499E+01   1.234567E+01
  plotrec         2.003892E+00   2.642172E+01   5.831204E+02   1.003324E+03
   1.315450E+03   9.935254E+02   5.764056E+02   6.957585E+02   5.934493E+02
   1.315450E+03   1.313906E+03   1.308653E+03   1.297539E+03   1.276879E+03
   1.241638E+03   1.186092E+03   6.957585E+02   6.900684E+02   6.848547E+02
   5.735824E+02   7.507440E-01   2.000000E+00   7.000000E+00   2.000000E+00
   1.234567E+01   1.768442E+01   1.234567E+01
  plotrec         2.500654E+00   2.697037E+01   5.802064E+02   9.987263E+02
   1.386568E+03   9.872164E+02   5.760374E+02   7.049031E+02   5.892964E+02
   1.386568E+03   1.384189E+03   1.376382E+03   1.360876E+03   1.333949E+03
   1.290665E+03   1.225619E+03   7.049031E+02   6.986206E+02   6.929299E+02
   5.738435E+02   7.544837E-01   2.000000E+00   7.000000E+00   2.000000E+00
   1.234567E+01   1.614849E+01   1.234567E+01
  plotrec         3.004946E+00   2.868160E+01   5.812924E+02   9.922247E+02
   1.455684E+03   9.789576E+02   5.757143E+02   7.164413E+02   5.899203E+02
   1.455684E+03   1.452432E+03   1.441988E+03   1.422034E+03   1.388850E+03
   1.337578E+03   1.262880E+03   7.164413E+02   7.095748E+02   7.033547E+02
   5.743859E+02   7.551090E-01   2.000000E+00   7.000000E+00   2.000000E+00
   1.234567E+01   1.457681E+01   1.234567E+01
  plotrec         3.501715E+00   3.041166E+01   5.819396E+02   9.847339E+02
   1.520975E+03   9.696204E+02   5.754292E+02   7.284810E+02   5.900883E+02
   1.520975E+03   1.516864E+03   1.503829E+03   1.479518E+03   1.440164E+03
   1.380993E+03   1.296832E+03   7.284810E+02   7.210583E+02   7.143163E+02
   5.749288E+02   7.559885E-01   2.000000E+00   7.000000E+00   2.000000E+00
   1.234567E+01   1.324218E+01   1.234567E+01
  plotrec         4.006015E+00   3.223066E+01   5.828931E+02   9.765624E+02
   1.584548E+03   9.594880E+02   5.751638E+02   7.409075E+02   5.907039E+02
   1.584548E+03   1.579564E+03   1.563900E+03   1.535163E+03   1.489594E+03
   1.422354E+03   1.328506E+03   7.409075E+02   7.329442E+02   7.256879E+02
   5.754761E+02   7.568195E-01   2.000000E+00   7.000000E+00   2.000000E+00
   1.234567E+01   1.210775E+01   1.234567E+01
  plotrec         4.502790E+00   3.399809E+01   5.838224E+02   9.682936E+02
   1.644598E+03   9.492549E+02   5.749203E+02   7.531652E+02   5.913260E+02
   1.644598E+03   1.638754E+03   1.620493E+03   1.587402E+03   1.535658E+03
   1.460502E+03   1.357203E+03   7.531652E+02   7.446929E+02   7.369498E+02
   5.760059E+02   7.576296E-01   2.000000E+00   7.000000E+00   2.000000E+00
   1.234567E+01   1.117050E+01   1.234567E+01
  plotrec         5.007095E+00   3.575465E+01   5.847454E+02   9.598879E+02
   1.703005E+03   9.388646E+02   5.746877E+02   7.655153E+02   5.919573E+02
   1.703005E+03   1.696283E+03   1.675386E+03   1.637859E+03   1.579873E+03
   1.496709E+03   1.383869E+03   7.655153E+02   7.565526E+02   7.483375E+02
   5.765308E+02   7.584403E-01   2.000000E+00   7.000000E+00   2.000000E+00
   1.234567E+01   1.036611E+01   1.234567E+01
  plotrec         5.503876E+00   3.743946E+01   5.856294E+02   9.517172E+02
   1.758041E+03   9.287888E+02   5.744706E+02   7.774971E+02   5.925706E+02
   1.758041E+03   1.750468E+03   1.726996E+03   1.685098E+03   1.620970E+03
   1.529989E+03   1.407890E+03   7.774971E+02   7.680770E+02   7.594199E+02
   5.770327E+02   7.592244E-01   2.000000E+00   7.000000E+00   2.000000E+00
   1.234567E+01   9.691462E+00   1.234567E+01
  plotrec         6.000659E+00   3.907381E+01   5.864846E+02   9.437218E+02
   1.810479E+03   9.189607E+02   5.742640E+02   7.892490E+02   5.931697E+02
   1.810479E+03   1.802101E+03   1.776121E+03   1.729969E+03   1.659725E+03
   1.560972E+03   1.429882E+03   7.892490E+02   7.793962E+02   7.703193E+02
   5.775179E+02   7.599921E-01   2.000000E+00   7.000000E+00   2.000000E+00
   1.234567E+01   9.111109E+00   1.234567E+01
  plotrec         6.504971E+00   4.067612E+01   5.873211E+02   9.358289E+02
   1.860730E+03   9.092840E+02   5.740637E+02   8.008669E+02   5.937597E+02
   1.860730E+03   1.851570E+03   1.823242E+03   1.773003E+03   1.696768E+03
   1.590260E+03   1.450214E+03   8.008669E+02   7.906017E+02   7.811227E+02
   5.779922E+02   7.607512E-01   2.000000E+00   7.000000E+00   2.000000E+00
   1.234567E+01   8.602347E+00   1.234567E+01
  plotrec         7.001759E+00   4.219464E+01   5.881119E+02   9.282953E+02
   1.907442E+03   9.000676E+02   5.738749E+02   8.119501E+02   5.943196E+02
   1.907442E+03   1.897511E+03   1.866863E+03   1.812767E+03   1.731007E+03
   1.617106E+03   1.468478E+03   8.119501E+02   8.013038E+02   7.914520E+02
   5.784401E+02   7.614771E-01   2.000000E+00   7.000000E+00   2.000000E+00
   1.234567E+01   8.167413E+00   1.234567E+01
  plotrec         7.506075E+00   4.367304E+01   5.888793E+02   9.208997E+02
   1.952195E+03   8.910372E+02   5.736915E+02   8.228125E+02   5.948640E+02
   1.952195E+03   1.941490E+03   1.908525E+03   1.850587E+03   1.763459E+03
   1.642333E+03   1.485408E+03   8.228125E+02   8.118036E+02   8.015959E+02
   5.788749E+02   7.621905E-01   2.000000E+00   7.000000E+00   2.000000E+00
   1.234567E+01   7.781655E+00   1.234567E+01
  plotrec         8.002867E+00   4.506536E+01   5.896001E+02   9.138624E+02
   1.993786E+03   8.824578E+02   5.735184E+02   8.330917E+02   5.953753E+02
   1.993786E+03   1.982344E+03   1.947124E+03   1.885432E+03   1.793120E+03
   1.665374E+03   1.500560E+03   8.330917E+02   8.217495E+02   8.112134E+02
   5.792830E+02   7.628680E-01   2.000000E+00   7.000000E+00   2.000000E+00
   1.234567E+01   7.448424E+00   1.234567E+01
  plotrec         8.507188E+00   4.641267E+01   5.902956E+02   9.069644E+02
   2.033381E+03   8.740593E+02   5.733498E+02   8.430716E+02   5.958680E+02
   2.033381E+03   2.021283E+03   1.983932E+03   1.918515E+03   1.821095E+03
   1.687004E+03   1.514516E+03   8.430716E+02   8.314146E+02   8.205671E+02
   5.796764E+02   7.635292E-01   2.000000E+00   7.000000E+00   2.000000E+00
   1.234567E+01   7.150745E+00   1.234567E+01
  plotrec         9.003983E+00   4.767387E+01   5.909449E+02   9.004045E+02
   2.069899E+03   8.660789E+02   5.731902E+02   8.524320E+02   5.963265E+02
   2.069899E+03   2.057164E+03   2.017937E+03   1.948997E+03   1.846726E+03
   1.706659E+03   1.526955E+03   8.524320E+02   8.404871E+02   8.293540E+02
   5.800433E+02   7.641529E-01   2.000000E+00   7.000000E+00   2.000000E+00
   1.234567E+01   6.892023E+00   1.234567E+01
  plotrec         9.500781E+00   4.886972E+01   5.915588E+02   8.940698E+02
   2.104149E+03   8.583745E+02   5.730370E+02   8.613248E+02   5.967582E+02
   2.104149E+03   2.090788E+03   2.049663E+03   1.977528E+03   1.870528E+03
   1.724712E+03   1.538263E+03   8.613248E+02   8.491121E+02   8.377128E+02
   5.803900E+02   7.647491E-01   2.000000E+00   7.000000E+00   2.000000E+00
   1.234567E+01   6.662654E+00   1.234567E+01
  plotrec         1.000511E+01   5.001794E+01   5.921465E+02   8.878598E+02
   2.136727E+03   8.508306E+02   5.728874E+02   8.698771E+02   5.971690E+02
   2.136727E+03   2.122738E+03   2.079744E+03   2.004573E+03   1.892932E+03
   1.741532E+03   1.548645E+03   8.698771E+02   8.574125E+02   8.457623E+02
   5.807216E+02   7.653260E-01   2.000000E+00   7.000000E+00   2.000000E+00
   1.234567E+01   6.455666E+00   1.234567E+01
  plotrec         1.050944E+01   5.110101E+01   5.926992E+02   8.818630E+02
   2.167252E+03   8.435565E+02   5.727437E+02   8.779460E+02   5.975526E+02
   2.167252E+03   2.152658E+03   2.107874E+03   2.029804E+03   1.913700E+03
   1.756973E+03   1.557998E+03   8.779460E+02   8.652487E+02   8.533657E+02
   5.810333E+02   7.658743E-01   2.000000E+00   7.000000E+00   2.000000E+00
   1.234567E+01   6.271525E+00   1.234567E+01
  plotrec         1.100624E+01   5.210562E+01   5.932106E+02   8.761547E+02
   2.195439E+03   8.366439E+02   5.726074E+02   8.854484E+02   5.979045E+02
   2.195439E+03   2.180285E+03   2.133806E+03   2.052925E+03   1.932709E+03
   1.770953E+03   1.566304E+03   8.854484E+02   8.725176E+02   8.604226E+02
   5.813214E+02   7.663862E-01   2.000000E+00   7.000000E+00   2.000000E+00
   1.234567E+01   6.109689E+00   1.234567E+01
  plotrec         1.151057E+01   5.306411E+01   5.936971E+02   8.705531E+02
   2.222201E+03   8.298721E+02   5.724743E+02   8.926162E+02   5.982361E+02
   2.222201E+03   2.206519E+03   2.158375E+03   2.074686E+03   1.950669E+03
   1.784021E+03   1.573922E+03   8.926162E+02   8.794594E+02   8.671646E+02
   5.815953E+02   7.668780E-01   2.000000E+00   7.000000E+00   2.000000E+00
   1.234567E+01   5.962584E+00   1.234567E+01
  plotrec         1.200737E+01   5.395013E+01   5.941456E+02   8.652161E+02
   2.246846E+03   8.234327E+02   5.723480E+02   8.992623E+02   5.985383E+02
   2.246846E+03   2.230636E+03   2.180928E+03   2.094629E+03   1.967097E+03
   1.795876E+03   1.580712E+03   8.992623E+02   8.858987E+02   8.733990E+02
   5.818477E+02   7.673358E-01   2.000000E+00   7.000000E+00   2.000000E+00
   1.234567E+01   5.832637E+00   1.234567E+01
  plotrec         1.251171E+01   5.479366E+01   5.945712E+02   8.599752E+02
   2.270224E+03   8.171201E+02   5.722247E+02   9.056012E+02   5.988215E+02
   2.270224E+03   2.253505E+03   2.202282E+03   2.113479E+03   1.982577E+03
   1.806960E+03   1.586953E+03   9.056012E+02   8.920424E+02   8.793490E+02
   5.820870E+02   7.677746E-01   2.000000E+00   7.000000E+00   2.000000E+00
   1.234567E+01   5.713674E+00   1.234567E+01
  plotrec         1.300852E+01   5.557213E+01   5.949628E+02   8.549833E+02
   2.291728E+03   8.111130E+02   5.721075E+02   9.114652E+02   5.990787E+02
   2.291728E+03   2.274575E+03   2.221924E+03   2.130777E+03   1.996729E+03
   1.816994E+03   1.592557E+03   9.114652E+02   8.977270E+02   8.848557E+02
   5.823071E+02   7.681821E-01   2.000000E+00   7.000000E+00   2.000000E+00
   1.234567E+01   5.607714E+00   1.234567E+01
  plotrec         1.350533E+01   5.630170E+01   5.953287E+02   8.501551E+02
   2.311853E+03   8.053063E+02   5.719947E+02   9.169901E+02   5.993156E+02
   2.311853E+03   2.294277E+03   2.240274E+03   2.146885E+03   2.009853E+03
   1.826197E+03   1.597704E+03   9.169901E+02   9.030839E+02   8.900460E+02
   5.825127E+02   7.685665E-01   2.000000E+00   7.000000E+00   2.000000E+00
   1.234567E+01   5.511243E+00   1.234567E+01
  plotrec         1.400966E+01   5.699506E+01   5.956756E+02   8.454148E+02
   2.330928E+03   7.996074E+02   5.718842E+02   9.222548E+02   5.995366E+02
   2.330928E+03   2.312928E+03   2.257685E+03   2.162112E+03   2.022203E+03
   1.834791E+03   1.602447E+03   9.222548E+02   9.081902E+02   8.949947E+02
   5.827074E+02   7.689339E-01   2.000000E+00   7.000000E+00   2.000000E+00
   1.234567E+01   5.422194E+00   1.234567E+01
  plotrec         1.450648E+01   5.763377E+01   5.959944E+02   8.408979E+02
   2.348483E+03   7.941777E+02   5.717793E+02   9.271113E+02   5.997363E+02
   2.348483E+03   2.330094E+03   2.273710E+03   2.176086E+03   2.033488E+03
   1.842582E+03   1.606684E+03   9.271113E+02   9.129017E+02   8.995618E+02
   5.828861E+02   7.692740E-01   2.000000E+00   7.000000E+00   2.000000E+00
   1.234567E+01   5.342445E+00   1.234567E+01
  plotrec         1.501082E+01   5.823952E+01   5.962961E+02   8.364618E+02
   2.365153E+03   7.888440E+02   5.716766E+02   9.317238E+02   5.999219E+02
   2.365153E+03   2.346391E+03   2.288914E+03   2.189309E+03   2.044122E+03
   1.849866E+03   1.610584E+03   9.317238E+02   9.173774E+02   9.039012E+02
   5.830550E+02   7.695981E-01   2.000000E+00   7.000000E+00   2.000000E+00
   1.234567E+01   5.268740E+00   1.234567E+01
  plotrec         1.550763E+01   5.879663E+01   5.965729E+02   8.322332E+02
   2.380524E+03   7.837568E+02   5.715790E+02   9.359727E+02   6.000888E+02
   2.380524E+03   2.361414E+03   2.302915E+03   2.201454E+03   2.053848E+03
   1.856476E+03   1.614069E+03   9.359727E+02   9.215010E+02   9.078998E+02
   5.832097E+02   7.698975E-01   2.000000E+00   7.000000E+00   2.000000E+00
   1.234567E+01   5.202530E+00   1.234567E+01
  plotrec         1.601197E+01   5.932441E+01   5.968347E+02   8.280784E+02
   2.395129E+03   7.787529E+02   5.714833E+02   9.400051E+02   6.002431E+02
   2.395129E+03   2.375684E+03   2.316178E+03   2.212972E+03   2.063021E+03
   1.862662E+03   1.617281E+03   9.400051E+02   9.254151E+02   9.116959E+02
   5.833558E+02   7.701825E-01   2.000000E+00   7.000000E+00   2.000000E+00
   1.234567E+01   5.141132E+00   1.234567E+01
  plotrec         1.650879E+01   5.980931E+01   5.970746E+02   8.241165E+02
   2.408579E+03   7.739781E+02   5.713925E+02   9.437173E+02   6.003812E+02
   2.408579E+03   2.388812E+03   2.328342E+03   2.223589E+03   2.071430E+03
   1.868286E+03   1.620158E+03   9.437173E+02   9.290189E+02   9.151915E+02
   5.834896E+02   7.704454E-01   2.000000E+00   7.000000E+00   2.000000E+00
   1.234567E+01   5.085804E+00   1.234567E+01
  plotrec         1.700561E+01   6.026163E+01   5.972980E+02   8.202796E+02
   2.421155E+03   7.693517E+02   5.713047E+02   9.471883E+02   6.005065E+02
   2.421155E+03   2.401082E+03   2.339703E+03   2.233509E+03   2.079260E+03
   1.873484E+03   1.622780E+03   9.471883E+02   9.323888E+02   9.184606E+02
   5.836139E+02   7.706916E-01   2.000000E+00   7.000000E+00   2.000000E+00
   1.234567E+01   5.035074E+00   1.234567E+01
  plotrec         1.750995E+01   6.068958E+01   5.975090E+02   8.165077E+02
   2.433089E+03   7.648017E+02   5.712186E+02   9.504823E+02   6.006216E+02
   2.433089E+03   2.412721E+03   2.350476E+03   2.242902E+03   2.086620E+03
   1.878391E+03   1.625214E+03   9.504823E+02   9.355872E+02   9.215635E+02
   5.837312E+02   7.709255E-01   2.000000E+00   7.000000E+00   2.000000E+00
   1.234567E+01   4.987798E+00   1.234567E+01
  plotrec         1.800677E+01   6.108248E+01   5.977023E+02   8.129089E+02
   2.444080E+03   7.604583E+02   5.711368E+02   9.535222E+02   6.007238E+02
   2.444080E+03   2.423436E+03   2.360382E+03   2.251512E+03   2.093314E+03
   1.882904E+03   1.627430E+03   9.535222E+02   9.385389E+02   9.244274E+02
   5.838386E+02   7.711411E-01   2.000000E+00   7.000000E+00   2.000000E+00
   1.234567E+01   4.944890E+00   1.234567E+01
  plotrec         1.851112E+01   6.145428E+01   5.978849E+02   8.093697E+02
   2.454511E+03   7.561847E+02   5.710567E+02   9.564141E+02   6.008172E+02
   2.454511E+03   2.433601E+03   2.369767E+03   2.259646E+03   2.099621E+03
   1.887156E+03   1.629503E+03   9.564141E+02   9.413470E+02   9.271522E+02
   5.839398E+02   7.713459E-01   2.000000E+00   7.000000E+00   2.000000E+00
   1.234567E+01   4.904689E+00   1.234567E+01
  plotrec         1.900794E+01   6.179562E+01   5.980523E+02   8.059915E+02
   2.464118E+03   7.521032E+02   5.709804E+02   9.590798E+02   6.008998E+02
   2.464118E+03   2.442959E+03   2.378394E+03   2.267106E+03   2.105393E+03
   1.891039E+03   1.631377E+03   9.590798E+02   9.439359E+02   9.296644E+02
   5.840325E+02   7.715344E-01   2.000000E+00   7.000000E+00   2.000000E+00
   1.234567E+01   4.868155E+00   1.234567E+01
  plotrec         1.951229E+01   6.211851E+01   5.982104E+02   8.026680E+02
   2.473235E+03   7.480854E+02   5.709056E+02   9.616096E+02   6.009749E+02
   2.473235E+03   2.451835E+03   2.386567E+03   2.274163E+03   2.110841E+03
   1.894691E+03   1.633123E+03   9.616096E+02   9.463929E+02   9.320489E+02
   5.841199E+02   7.717134E-01   2.000000E+00   7.000000E+00   2.000000E+00
   1.234567E+01   4.833941E+00   1.234567E+01
  plotrec         2.000912E+01   6.241479E+01   5.983553E+02   7.994947E+02
   2.481630E+03   7.442464E+02   5.708344E+02   9.639379E+02   6.010408E+02
   2.481630E+03   2.460006E+03   2.394084E+03   2.280645E+03   2.115833E+03
   1.898025E+03   1.634699E+03   9.639379E+02   9.486544E+02   9.342436E+02
   5.841999E+02   7.718780E-01   2.000000E+00   7.000000E+00   2.000000E+00
   1.234567E+01   4.802838E+00   1.234567E+01
  plotrec         2.050594E+01   6.269088E+01   5.984901E+02   7.964172E+02
   2.489483E+03   7.405211E+02   5.707654E+02   9.661134E+02   6.010994E+02
   2.489483E+03   2.467646E+03   2.401107E+03   2.286693E+03   2.120480E+03
   1.901116E+03   1.636146E+03   9.661134E+02   9.507677E+02   9.362947E+02
   5.842742E+02   7.720318E-01   2.000000E+00   7.000000E+00   2.000000E+00
   1.234567E+01   4.774102E+00   1.234567E+01
  plotrec         2.101029E+01   6.295184E+01   5.986174E+02   7.933879E+02
   2.496935E+03   7.368513E+02   5.706978E+02   9.681757E+02   6.011519E+02
   2.496935E+03   2.474896E+03   2.407767E+03   2.292422E+03   2.124871E+03
   1.904025E+03   1.637493E+03   9.681757E+02   9.527711E+02   9.382391E+02
   5.843442E+02   7.721776E-01   2.000000E+00   7.000000E+00   2.000000E+00
   1.234567E+01   4.747148E+00   1.234567E+01
  plotrec         2.150712E+01   6.319110E+01   5.987339E+02   7.904935E+02
   2.503800E+03   7.333427E+02   5.706334E+02   9.700726E+02   6.011974E+02
   2.503800E+03   2.481573E+03   2.413895E+03   2.297687E+03   2.128898E+03
   1.906683E+03   1.638711E+03   9.700726E+02   9.546137E+02   9.400277E+02
   5.844082E+02   7.723115E-01   2.000000E+00   7.000000E+00   2.000000E+00
   1.234567E+01   4.722597E+00   1.234567E+01
  plotrec         2.201147E+01   6.341716E+01   5.988440E+02   7.876432E+02
   2.510317E+03   7.298848E+02   5.705702E+02   9.718703E+02   6.012376E+02
   2.510317E+03   2.487910E+03   2.419708E+03   2.302676E+03   2.132705E+03
   1.909186E+03   1.639847E+03   9.718703E+02   9.563602E+02   9.417230E+02
   5.844685E+02   7.724383E-01   2.000000E+00   7.000000E+00   2.000000E+00
   1.234567E+01   4.699537E+00   1.234567E+01
  plotrec         2.250830E+01   6.362444E+01   5.989448E+02   7.849187E+02
   2.516320E+03   7.265775E+02   5.705099E+02   9.735236E+02   6.012719E+02
   2.516320E+03   2.493746E+03   2.425058E+03   2.307262E+03   2.136198E+03
   1.911474E+03   1.640875E+03   9.735236E+02   9.579664E+02   9.432820E+02
   5.845236E+02   7.725549E-01   2.000000E+00   7.000000E+00   2.000000E+00
   1.234567E+01   4.678508E+00   1.234567E+01
  plotrec         2.300512E+01   6.381743E+01   5.990385E+02   7.822738E+02
   2.521938E+03   7.233647E+02   5.704515E+02   9.750677E+02   6.013013E+02
   2.521938E+03   2.499207E+03   2.430061E+03   2.311547E+03   2.139453E+03
   1.913599E+03   1.641821E+03   9.750677E+02   9.594666E+02   9.447383E+02
   5.845748E+02   7.726637E-01   2.000000E+00   7.000000E+00   2.000000E+00
   1.234567E+01   4.659016E+00   1.234567E+01
  plotrec         2.350948E+01   6.399973E+01   5.991270E+02   7.796682E+02
   2.527271E+03   7.201968E+02   5.703942E+02   9.765311E+02   6.013267E+02
   2.527271E+03   2.504390E+03   2.434807E+03   2.315607E+03   2.142532E+03
   1.915602E+03   1.642704E+03   9.765311E+02   9.608883E+02   9.461184E+02
   5.846230E+02   7.727666E-01   2.000000E+00   7.000000E+00   2.000000E+00
   1.234567E+01   4.640675E+00   1.234567E+01
  plotrec         2.400631E+01   6.416682E+01   5.992080E+02   7.771777E+02
   2.532186E+03   7.171650E+02   5.703395E+02   9.778769E+02   6.013475E+02
   2.532186E+03   2.509165E+03   2.439176E+03   2.319341E+03   2.145359E+03
   1.917435E+03   1.643506E+03   9.778769E+02   9.621958E+02   9.473877E+02
   5.846671E+02   7.728611E-01   2.000000E+00   7.000000E+00   2.000000E+00
   1.234567E+01   4.623919E+00   1.234567E+01
  plotrec         2.451066E+01   6.432463E+01   5.992845E+02   7.747245E+02
   2.536852E+03   7.141744E+02   5.702858E+02   9.791523E+02   6.013649E+02
   2.536852E+03   2.513697E+03   2.443320E+03   2.322880E+03   2.148034E+03
   1.919164E+03   1.644255E+03   9.791523E+02   9.634349E+02   9.485906E+02
   5.847086E+02   7.729506E-01   2.000000E+00   7.000000E+00   2.000000E+00
   1.234567E+01   4.608135E+00   1.234567E+01
  plotrec         2.500749E+01   6.446925E+01   5.993545E+02   7.723797E+02
   2.541151E+03   7.113113E+02   5.702345E+02   9.803253E+02   6.013784E+02
   2.541151E+03   2.517873E+03   2.447136E+03   2.326135E+03   2.150490E+03
   1.920748E+03   1.644937E+03   9.803253E+02   9.645745E+02   9.496968E+02
   5.847466E+02   7.730327E-01   2.000000E+00   7.000000E+00   2.000000E+00
   1.234567E+01   4.593701E+00   1.234567E+01
  plotrec         2.551185E+01   6.460583E+01   5.994205E+02   7.700697E+02
   2.545232E+03   7.084865E+02   5.701841E+02   9.814370E+02   6.013889E+02
   2.545232E+03   2.521836E+03   2.450757E+03   2.329222E+03   2.152815E+03
   1.922243E+03   1.645574E+03   9.814370E+02   9.656546E+02   9.507453E+02
   5.847823E+02   7.731104E-01   2.000000E+00   7.000000E+00   2.000000E+00
   1.234567E+01   4.580092E+00   1.234567E+01
  plotrec         2.600868E+01   6.473100E+01   5.994811E+02   7.678612E+02
   2.548984E+03   7.057820E+02   5.701360E+02   9.824593E+02   6.013963E+02
   2.548984E+03   2.525488E+03   2.454091E+03   2.332062E+03   2.154950E+03
   1.923612E+03   1.646154E+03   9.824593E+02   9.666478E+02   9.517095E+02
   5.848150E+02   7.731817E-01   2.000000E+00   7.000000E+00   2.000000E+00
   1.234567E+01   4.567637E+00   1.234567E+01
  plotrec         2.650551E+01   6.484752E+01   5.995374E+02   7.657171E+02
   2.552492E+03   7.031535E+02   5.700894E+02   9.834142E+02   6.014011E+02
   2.552492E+03   2.528905E+03   2.457209E+03   2.334715E+03   2.156943E+03
   1.924887E+03   1.646691E+03   9.834142E+02   9.675756E+02   9.526101E+02
   5.848453E+02   7.732483E-01   2.000000E+00   7.000000E+00   2.000000E+00
   1.234567E+01   4.556055E+00   1.234567E+01
  plotrec         2.700987E+01   6.495753E+01   5.995905E+02   7.636042E+02
   2.555821E+03   7.005621E+02   5.700436E+02   9.843193E+02   6.014036E+02
   2.555821E+03   2.532148E+03   2.460168E+03   2.337232E+03   2.158830E+03
   1.926091E+03   1.647194E+03   9.843193E+02   9.684549E+02   9.534637E+02
   5.848740E+02   7.733111E-01   2.000000E+00   7.000000E+00   2.000000E+00
   1.234567E+01   4.545122E+00   1.234567E+01
  plotrec         2.750671E+01   6.505833E+01   5.996392E+02   7.615837E+02
   2.558888E+03   6.980856E+02   5.699999E+02   9.851517E+02   6.014038E+02
   2.558888E+03   2.535136E+03   2.462893E+03   2.339548E+03   2.160564E+03
   1.927195E+03   1.647652E+03   9.851517E+02   9.692636E+02   9.542487E+02
   5.849001E+02   7.733688E-01   2.000000E+00   7.000000E+00   2.000000E+00
   1.234567E+01   4.535104E+00   1.234567E+01
  plotrec         2.801107E+01   6.515350E+01   5.996851E+02   7.595923E+02
   2.561800E+03   6.956437E+02   5.699568E+02   9.859407E+02   6.014022E+02
   2.561800E+03   2.537972E+03   2.465479E+03   2.341744E+03   2.162207E+03
   1.928239E+03   1.648082E+03   9.859407E+02   9.700302E+02   9.549928E+02
   5.849247E+02   7.734234E-01   2.000000E+00   7.000000E+00   2.000000E+00
   1.234567E+01   4.525641E+00   1.234567E+01
  plotrec         2.850790E+01   6.524068E+01   5.997271E+02   7.576877E+02
   2.564483E+03   6.933047E+02   5.699157E+02   9.866664E+02   6.013987E+02
   2.564483E+03   2.540585E+03   2.467860E+03   2.343765E+03   2.163717E+03
   1.929196E+03   1.648475E+03   9.866664E+02   9.707352E+02   9.556772E+02
   5.849473E+02   7.734734E-01   2.000000E+00   7.000000E+00   2.000000E+00
   1.234567E+01   4.516966E+00   1.234567E+01
  plotrec         2.901226E+01   6.532298E+01   5.997668E+02   7.558101E+02
   2.567030E+03   6.909947E+02   5.698752E+02   9.873543E+02   6.013936E+02
   2.567030E+03   2.543065E+03   2.470120E+03   2.345683E+03   2.165148E+03
   1.930102E+03   1.648844E+03   9.873543E+02   9.714034E+02   9.563259E+02
   5.849684E+02   7.735208E-01   2.000000E+00   7.000000E+00   2.000000E+00
   1.234567E+01   4.508767E+00   1.234567E+01
  plotrec         2.950910E+01   6.539837E+01   5.998031E+02   7.540140E+02
   2.569376E+03   6.887802E+02   5.698366E+02   9.879871E+02   6.013872E+02
   2.569376E+03   2.545350E+03   2.472199E+03   2.347438E+03   2.166471E+03
   1.930934E+03   1.649181E+03   9.879871E+02   9.720181E+02   9.569225E+02
   5.849879E+02   7.735642E-01   2.000000E+00   7.000000E+00   2.000000E+00
   1.234567E+01   4.501245E+00   1.234567E+01
  plotrec         3.000593E+01   6.546851E+01   5.998369E+02   7.522692E+02
   2.571570E+03   6.866243E+02   5.697992E+02   9.885786E+02   6.013796E+02
   2.571570E+03   2.547485E+03   2.474139E+03   2.349070E+03   2.167713E+03
   1.931713E+03   1.649496E+03   9.885786E+02   9.725927E+02   9.574802E+02
   5.850059E+02   7.736046E-01   2.000000E+00   7.000000E+00   2.000000E+00
   1.234567E+01   4.494232E+00   1.234567E+01
  plotrec         3.051030E+01   6.553474E+01   5.998688E+02   7.505489E+02
   2.573650E+03   6.844938E+02   5.697623E+02   9.891398E+02   6.013706E+02
   2.573650E+03   2.549509E+03   2.475975E+03   2.350614E+03   2.168891E+03
   1.932453E+03   1.649794E+03   9.891398E+02   9.731379E+02   9.580094E+02
   5.850229E+02   7.736428E-01   2.000000E+00   7.000000E+00   2.000000E+00
   1.234567E+01   4.487591E+00   1.234567E+01
  plotrec         3.100713E+01   6.559539E+01   5.998980E+02   7.489028E+02
   2.575563E+03   6.824505E+02   5.697271E+02   9.896567E+02   6.013608E+02
   2.575563E+03   2.551369E+03   2.477663E+03   2.352034E+03   2.169975E+03
   1.933135E+03   1.650068E+03   9.896567E+02   9.736400E+02   9.584966E+02
   5.850384E+02   7.736779E-01   2.000000E+00   7.000000E+00   2.000000E+00
   1.234567E+01   4.481488E+00   1.234567E+01
  plotrec         3.151150E+01   6.565265E+01   5.999255E+02   7.472796E+02
   2.577376E+03   6.804307E+02   5.696924E+02   9.901470E+02   6.013499E+02
   2.577376E+03   2.553132E+03   2.479262E+03   2.353380E+03   2.171002E+03
   1.933781E+03   1.650328E+03   9.901470E+02   9.741163E+02   9.589589E+02
   5.850530E+02   7.737111E-01   2.000000E+00   7.000000E+00   2.000000E+00
   1.234567E+01   4.475708E+00   1.234567E+01
  plotrec         3.200833E+01   6.570510E+01   5.999508E+02   7.457262E+02
   2.579042E+03   6.784930E+02   5.696592E+02   9.905983E+02   6.013384E+02
   2.579042E+03   2.554753E+03   2.480732E+03   2.354617E+03   2.171948E+03
   1.934376E+03   1.650567E+03   9.905983E+02   9.745546E+02   9.593843E+02
   5.850664E+02   7.737415E-01   2.000000E+00   7.000000E+00   2.000000E+00
   1.234567E+01   4.470399E+00   1.234567E+01
  plotrec         3.250517E+01   6.575389E+01   5.999742E+02   7.442167E+02
   2.580599E+03   6.766055E+02   5.696271E+02   9.910201E+02   6.013262E+02
   2.580599E+03   2.556267E+03   2.482106E+03   2.355773E+03   2.172831E+03
   1.934931E+03   1.650789E+03   9.910201E+02   9.749642E+02   9.597819E+02
   5.850789E+02   7.737699E-01   2.000000E+00   7.000000E+00   2.000000E+00
   1.234567E+01   4.465445E+00   1.234567E+01
  plotrec         3.300953E+01   6.579994E+01   5.999964E+02   7.427278E+02
   2.582075E+03   6.747390E+02   5.695953E+02   9.914199E+02   6.013131E+02
   2.582075E+03   2.557703E+03   2.483408E+03   2.356869E+03   2.173668E+03
   1.935457E+03   1.650999E+03   9.914199E+02   9.753526E+02   9.601588E+02
   5.850906E+02   7.737966E-01   2.000000E+00   7.000000E+00   2.000000E+00
   1.234567E+01   4.460754E+00   1.234567E+01
  plotrec         3.350637E+01   6.584211E+01   6.000167E+02   7.413027E+02
   2.583433E+03   6.729474E+02   5.695651E+02   9.917877E+02   6.012997E+02
   2.583433E+03   2.559023E+03   2.484605E+03   2.357877E+03   2.174438E+03
   1.935940E+03   1.651192E+03   9.917877E+02   9.757098E+02   9.605055E+02
   5.851013E+02   7.738212E-01   2.000000E+00   7.000000E+00   2.000000E+00
   1.234567E+01   4.456446E+00   1.234567E+01
  plotrec         3.401074E+01   6.588190E+01   6.000358E+02   7.398970E+02
   2.584719E+03   6.711747E+02   5.695353E+02   9.921364E+02   6.012856E+02
   2.584719E+03   2.560275E+03   2.485741E+03   2.358833E+03   2.175168E+03
   1.936398E+03   1.651374E+03   9.921364E+02   9.760484E+02   9.608340E+02
   5.851114E+02   7.738444E-01   2.000000E+00   7.000000E+00   2.000000E+00
   1.234567E+01   4.452367E+00   1.234567E+01
  plotrec         3.450758E+01   6.591832E+01   6.000533E+02   7.385513E+02
   2.585904E+03   6.694727E+02   5.695067E+02   9.924570E+02   6.012714E+02
   2.585904E+03   2.561427E+03   2.486786E+03   2.359712E+03   2.175840E+03
   1.936819E+03   1.651541E+03   9.924570E+02   9.763599E+02   9.611363E+02
   5.851207E+02   7.738657E-01   2.000000E+00   7.000000E+00   2.000000E+00
   1.234567E+01   4.448620E+00   1.234567E+01
  plotrec         3.501194E+01   6.595267E+01   6.000698E+02   7.372237E+02
   2.587026E+03   6.677885E+02   5.694786E+02   9.927609E+02   6.012565E+02
   2.587026E+03   2.562519E+03   2.487776E+03   2.360546E+03   2.176476E+03
   1.937218E+03   1.651699E+03   9.927609E+02   9.766550E+02   9.614227E+02
   5.851294E+02   7.738858E-01   2.000000E+00   7.000000E+00   2.000000E+00
   1.234567E+01   4.445072E+00   1.234567E+01
  plotrec         3.550878E+01   6.598412E+01   6.000849E+02   7.359527E+02
   2.588060E+03   6.661714E+02   5.694518E+02   9.930403E+02   6.012416E+02
   2.588060E+03   2.563523E+03   2.488688E+03   2.361313E+03   2.177062E+03
   1.937585E+03   1.651844E+03   9.930403E+02   9.769264E+02   9.616860E+02
   5.851373E+02   7.739042E-01   2.000000E+00   7.000000E+00   2.000000E+00
   1.234567E+01   4.441813E+00   1.234567E+01
  plotrec         3.600562E+01   6.601334E+01   6.000989E+02   7.347171E+02
   2.589025E+03   6.645949E+02   5.694257E+02   9.933013E+02   6.012264E+02
   2.589025E+03   2.564463E+03   2.489540E+03   2.362030E+03   2.177608E+03
   1.937927E+03   1.651978E+03   9.933013E+02   9.771799E+02   9.619319E+02
   5.851447E+02   7.739214E-01   2.000000E+00   7.000000E+00   2.000000E+00
   1.234567E+01   4.438771E+00   1.234567E+01
  plotrec         3.650999E+01   6.604089E+01   6.001122E+02   7.334979E+02
   2.589941E+03   6.630347E+02   5.694000E+02   9.935487E+02   6.012109E+02
   2.589941E+03   2.565353E+03   2.490347E+03   2.362709E+03   2.178127E+03
   1.938251E+03   1.652106E+03   9.935487E+02   9.774200E+02   9.621650E+02
   5.851517E+02   7.739376E-01   2.000000E+00   7.000000E+00   2.000000E+00
   1.234567E+01   4.435890E+00   1.234567E+01
  plotrec         3.700682E+01   6.606610E+01   6.001243E+02   7.323305E+02
   2.590784E+03   6.615365E+02   5.693754E+02   9.937761E+02   6.011954E+02
   2.590784E+03   2.566173E+03   2.491090E+03   2.363334E+03   2.178604E+03
   1.938549E+03   1.652223E+03   9.937761E+02   9.776409E+02   9.623793E+02
   5.851581E+02   7.739524E-01   2.000000E+00   7.000000E+00   2.000000E+00
   1.234567E+01   4.433243E+00   1.234567E+01
  plotrec         3.751119E+01   6.608985E+01   6.001357E+02   7.311785E+02
   2.591583E+03   6.600536E+02   5.693511E+02   9.939916E+02   6.011796E+02
   2.591583E+03   2.566950E+03   2.491795E+03   2.363927E+03   2.179055E+03
   1.938831E+03   1.652333E+03   9.939916E+02   9.778502E+02   9.625824E+02
   5.851641E+02   7.739665E-01   2.000000E+00   7.000000E+00   2.000000E+00
   1.234567E+01   4.430736E+00   1.234567E+01
  plotrec         3.800803E+01   6.611157E+01   6.001462E+02   7.300753E+02
   2.592318E+03   6.586295E+02   5.693280E+02   9.941898E+02   6.011639E+02
   2.592318E+03   2.567666E+03   2.492444E+03   2.364472E+03   2.179471E+03
   1.939091E+03   1.652434E+03   9.941898E+02   9.780426E+02   9.627690E+02
   5.851696E+02   7.739793E-01   2.000000E+00   7.000000E+00   2.000000E+00
   1.234567E+01   4.428432E+00   1.234567E+01
  plotrec         3.851240E+01   6.613204E+01   6.001560E+02   7.289865E+02
   2.593016E+03   6.572198E+02   5.693051E+02   9.943776E+02   6.011479E+02
   2.593016E+03   2.568344E+03   2.493059E+03   2.364989E+03   2.179865E+03
   1.939336E+03   1.652530E+03   9.943776E+02   9.782249E+02   9.629459E+02
   5.851747E+02   7.739915E-01   2.000000E+00   7.000000E+00   2.000000E+00
   1.234567E+01   4.426250E+00   1.234567E+01
  plotrec         3.900924E+01   6.615074E+01   6.001650E+02   7.279438E+02
   2.593658E+03   6.558659E+02   5.692833E+02   9.945502E+02   6.011323E+02
   2.593658E+03   2.568968E+03   2.493625E+03   2.365465E+03   2.180227E+03
   1.939562E+03   1.652618E+03   9.945502E+02   9.783925E+02   9.631086E+02
   5.851795E+02   7.740026E-01   2.000000E+00   7.000000E+00   2.000000E+00
   1.234567E+01   4.424245E+00   1.234567E+01
  plotrec         3.950608E+01   6.616811E+01   6.001733E+02   7.269298E+02
   2.594258E+03   6.545453E+02   5.692620E+02   9.947114E+02   6.011166E+02
   2.594258E+03   2.569552E+03   2.494154E+03   2.365909E+03   2.180566E+03
   1.939773E+03   1.652700E+03   9.947114E+02   9.785491E+02   9.632604E+02
   5.851839E+02   7.740129E-01   2.000000E+00   7.000000E+00   2.000000E+00
   1.234567E+01   4.422373E+00   1.234567E+01
  plotrec         4.001045E+01   6.618446E+01   6.001812E+02   7.259290E+02
   2.594827E+03   6.532380E+02   5.692411E+02   9.948641E+02   6.011007E+02
   2.594827E+03   2.570105E+03   2.494655E+03   2.366331E+03   2.180886E+03
   1.939973E+03   1.652777E+03   9.948641E+02   9.786974E+02   9.634042E+02
   5.851880E+02   7.740226E-01   2.000000E+00   7.000000E+00   2.000000E+00
   1.234567E+01   4.420599E+00   1.234567E+01
  plotrec         4.050729E+01   6.619939E+01   6.001884E+02   7.249703E+02
   2.595351E+03   6.519821E+02   5.692211E+02   9.950046E+02   6.010851E+02
   2.595351E+03   2.570614E+03   2.495117E+03   2.366719E+03   2.181181E+03
   1.940157E+03   1.652848E+03   9.950046E+02   9.788337E+02   9.635365E+02
   5.851918E+02   7.740316E-01   2.000000E+00   7.000000E+00   2.000000E+00
   1.234567E+01   4.418970E+00   1.234567E+01
  plotrec         4.101167E+01   6.621343E+01   6.001951E+02   7.240240E+02
   2.595847E+03   6.507387E+02   5.692013E+02   9.951376E+02   6.010694E+02
   2.595847E+03   2.571097E+03   2.495554E+03   2.367086E+03   2.181461E+03
   1.940331E+03   1.652915E+03   9.951376E+02   9.789628E+02   9.636618E+02
   5.851954E+02   7.740400E-01   2.000000E+00   7.000000E+00   2.000000E+00
   1.234567E+01   4.417425E+00   1.234567E+01
  plotrec         4.150851E+01   6.622626E+01   6.002013E+02   7.231176E+02
   2.596303E+03   6.495441E+02   5.691824E+02   9.952599E+02   6.010540E+02
   2.596303E+03   2.571540E+03   2.495958E+03   2.367425E+03   2.181719E+03
   1.940491E+03   1.652977E+03   9.952599E+02   9.790815E+02   9.637770E+02
   5.851986E+02   7.740477E-01   2.000000E+00   7.000000E+00   2.000000E+00
   1.234567E+01   4.416006E+00   1.234567E+01
  plotrec         4.200535E+01   6.623814E+01   6.002070E+02   7.222360E+02
   2.596728E+03   6.483788E+02   5.691640E+02   9.953740E+02   6.010387E+02
   2.596728E+03   2.571952E+03   2.496335E+03   2.367741E+03   2.181959E+03
   1.940640E+03   1.653035E+03   9.953740E+02   9.791924E+02   9.638845E+02
   5.852016E+02   7.740549E-01   2.000000E+00   7.000000E+00   2.000000E+00
   1.234567E+01   4.414681E+00   1.234567E+01
  plotrec         4.250972E+01   6.624931E+01   6.002124E+02   7.213655E+02
   2.597130E+03   6.472249E+02   5.691459E+02   9.954822E+02   6.010234E+02
   2.597130E+03   2.572343E+03   2.496693E+03   2.368041E+03   2.182187E+03
   1.940782E+03   1.653089E+03   9.954822E+02   9.792974E+02   9.639863E+02
   5.852045E+02   7.740616E-01   2.000000E+00   7.000000E+00   2.000000E+00
   1.234567E+01   4.413426E+00   1.234567E+01
  plotrec         4.300656E+01   6.625950E+01   6.002173E+02   7.205317E+02
   2.597500E+03   6.461161E+02   5.691285E+02   9.955815E+02   6.010084E+02
   2.597500E+03   2.572702E+03   2.497022E+03   2.368317E+03   2.182397E+03
   1.940912E+03   1.653139E+03   9.955815E+02   9.793939E+02   9.640798E+02
   5.852070E+02   7.740678E-01   2.000000E+00   7.000000E+00   2.000000E+00
   1.234567E+01   4.412273E+00   1.234567E+01
  plotrec         4.351093E+01   6.626907E+01   6.002219E+02   7.197084E+02
   2.597850E+03   6.450181E+02   5.691114E+02   9.956757E+02   6.009933E+02
   2.597850E+03   2.573043E+03   2.497334E+03   2.368579E+03   2.182596E+03
   1.941036E+03   1.653187E+03   9.956757E+02   9.794852E+02   9.641685E+02
   5.852095E+02   7.740736E-01   2.000000E+00   7.000000E+00   2.000000E+00
   1.234567E+01   4.411180E+00   1.234567E+01
  plotrec         4.400777E+01   6.627779E+01   6.002261E+02   7.189197E+02
   2.598172E+03   6.439631E+02   5.690950E+02   9.957623E+02   6.009786E+02
   2.598172E+03   2.573356E+03   2.497621E+03   2.368820E+03   2.182779E+03
   1.941149E+03   1.653230E+03   9.957623E+02   9.795693E+02   9.642500E+02
   5.852117E+02   7.740790E-01   2.000000E+00   7.000000E+00   2.000000E+00
   1.234567E+01   4.410175E+00   1.234567E+01
  plotrec         4.451215E+01   6.628596E+01   6.002300E+02   7.181409E+02
   2.598478E+03   6.429182E+02   5.690789E+02   9.958444E+02   6.009639E+02
   2.598478E+03   2.573653E+03   2.497893E+03   2.369048E+03   2.182952E+03
   1.941257E+03   1.653271E+03   9.958444E+02   9.796489E+02   9.643272E+02
   5.852138E+02   7.740840E-01   2.000000E+00   7.000000E+00   2.000000E+00
   1.234567E+01   4.409223E+00   1.234567E+01
  plotrec         4.500899E+01   6.629341E+01   6.002336E+02   7.173947E+02
   2.598759E+03   6.419141E+02   5.690634E+02   9.959198E+02   6.009496E+02
   2.598759E+03   2.573926E+03   2.498143E+03   2.369258E+03   2.183112E+03
   1.941356E+03   1.653309E+03   9.959198E+02   9.797221E+02   9.643982E+02
   5.852158E+02   7.740886E-01   2.000000E+00   7.000000E+00   2.000000E+00
   1.234567E+01   4.408347E+00   1.234567E+01
  plotrec         4.550583E+01   6.630030E+01   6.002369E+02   7.166688E+02
   2.599021E+03   6.409342E+02   5.690483E+02   9.959902E+02   6.009355E+02
   2.599021E+03   2.574181E+03   2.498377E+03   2.369455E+03   2.183261E+03
   1.941448E+03   1.653345E+03   9.959902E+02   9.797905E+02   9.644645E+02
   5.852175E+02   7.740928E-01   2.000000E+00   7.000000E+00   2.000000E+00
   1.234567E+01   4.407529E+00   1.234567E+01
  plotrec         4.601020E+01   6.630675E+01   6.002401E+02   7.159519E+02
   2.599270E+03   6.399637E+02   5.690334E+02   9.960569E+02   6.009214E+02
   2.599270E+03   2.574423E+03   2.498598E+03   2.369641E+03   2.183403E+03
   1.941536E+03   1.653378E+03   9.960569E+02   9.798552E+02   9.645272E+02
   5.852192E+02   7.740968E-01   2.000000E+00   7.000000E+00   2.000000E+00
   1.234567E+01   4.406754E+00   1.234567E+01
  plotrec         4.650705E+01   6.631261E+01   6.002429E+02   7.152651E+02
   2.599499E+03   6.390309E+02   5.690192E+02   9.961182E+02   6.009077E+02
   2.599499E+03   2.574646E+03   2.498802E+03   2.369812E+03   2.183532E+03
   1.941617E+03   1.653409E+03   9.961182E+02   9.799147E+02   9.645849E+02
   5.852207E+02   7.741005E-01   2.000000E+00   7.000000E+00   2.000000E+00
   1.234567E+01   4.406042E+00   1.234567E+01
  plotrec         4.701142E+01   6.631808E+01   6.002455E+02   7.145872E+02
   2.599716E+03   6.381071E+02   5.690051E+02   9.961763E+02   6.008940E+02
   2.599716E+03   2.574856E+03   2.498996E+03   2.369974E+03   2.183656E+03
   1.941693E+03   1.653438E+03   9.961763E+02   9.799711E+02   9.646396E+02
   5.852221E+02   7.741039E-01   2.000000E+00   7.000000E+00   2.000000E+00
   1.234567E+01   4.405366E+00   1.234567E+01
  plotrec         4.750826E+01   6.632306E+01   6.002479E+02   7.139377E+02
   2.599916E+03   6.372191E+02   5.689916E+02   9.962297E+02   6.008807E+02
   2.599916E+03   2.575051E+03   2.499174E+03   2.370124E+03   2.183769E+03
   1.941763E+03   1.653465E+03   9.962297E+02   9.800228E+02   9.646898E+02
   5.852234E+02   7.741070E-01   2.000000E+00   7.000000E+00   2.000000E+00
   1.234567E+01   4.404746E+00   1.234567E+01
  plotrec         4.800511E+01   6.632764E+01   6.002502E+02   7.133058E+02
   2.600102E+03   6.363524E+02   5.689785E+02   9.962795E+02   6.008677E+02
   2.600102E+03   2.575232E+03   2.499340E+03   2.370263E+03   2.183875E+03
   1.941829E+03   1.653490E+03   9.962795E+02   9.800712E+02   9.647366E+02
   5.852247E+02   7.741100E-01   2.000000E+00   7.000000E+00   2.000000E+00
   1.234567E+01   4.404166E+00   1.234567E+01
  plotrec         4.850948E+01   6.633192E+01   6.002523E+02   7.126819E+02
   2.600279E+03   6.354938E+02   5.689656E+02   9.963267E+02   6.008546E+02
   2.600279E+03   2.575404E+03   2.499497E+03   2.370395E+03   2.183976E+03
   1.941891E+03   1.653514E+03   9.963267E+02   9.801169E+02   9.647811E+02
   5.852258E+02   7.741126E-01   2.000000E+00   7.000000E+00   2.000000E+00
   1.234567E+01   4.403616E+00   1.234567E+01
  plotrec         4.900632E+01   6.633579E+01   6.002541E+02   7.120841E+02
   2.600442E+03   6.346686E+02   5.689532E+02   9.963701E+02   6.008420E+02
   2.600442E+03   2.575562E+03   2.499642E+03   2.370517E+03   2.184068E+03
   1.941948E+03   1.653535E+03   9.963701E+02   9.801591E+02   9.648218E+02
   5.852268E+02   7.741151E-01   2.000000E+00   7.000000E+00   2.000000E+00
   1.234567E+01   4.403111E+00   1.234567E+01
  plotrec         4.951070E+01   6.633940E+01   6.002559E+02   7.114938E+02
   2.600596E+03   6.338511E+02   5.689409E+02   9.964111E+02   6.008293E+02
   2.600596E+03   2.575712E+03   2.499780E+03   2.370632E+03   2.184156E+03
   1.942003E+03   1.653556E+03   9.964111E+02   9.801989E+02   9.648604E+02
   5.852278E+02   7.741175E-01   2.000000E+00   7.000000E+00   2.000000E+00
   1.234567E+01   4.402633E+00   1.234567E+01
  plotrec         5.000754E+01   6.634266E+01   6.002574E+02   7.109280E+02
   2.600738E+03   6.330651E+02   5.689292E+02   9.964489E+02   6.008171E+02
   2.600738E+03   2.575850E+03   2.499906E+03   2.370738E+03   2.184236E+03
   1.942052E+03   1.653575E+03   9.964489E+02   9.802355E+02   9.648959E+02
   5.852286E+02   7.741196E-01   2.000000E+00   7.000000E+00   2.000000E+00
   1.234567E+01   4.402193E+00   1.234567E+01
  plotrec         5.051192E+01   6.634570E+01   6.002589E+02   7.103694E+02
   2.600872E+03   6.322865E+02   5.689177E+02   9.964846E+02   6.008049E+02
   2.600872E+03   2.575980E+03   2.500026E+03   2.370839E+03   2.184312E+03
   1.942100E+03   1.653593E+03   9.964846E+02   9.802701E+02   9.649295E+02
   5.852295E+02   7.741216E-01   2.000000E+00   7.000000E+00   2.000000E+00
   1.234567E+01   4.401776E+00   1.234567E+01
  plotrec         5.100876E+01   6.634843E+01   6.002603E+02   7.098341E+02
   2.600996E+03   6.315380E+02   5.689066E+02   9.965174E+02   6.007932E+02
   2.600996E+03   2.576101E+03   2.500136E+03   2.370931E+03   2.184382E+03
   1.942143E+03   1.653609E+03   9.965174E+02   9.803020E+02   9.649604E+02
   5.852302E+02   7.741234E-01   2.000000E+00   7.000000E+00   2.000000E+00
   1.234567E+01   4.401393E+00   1.234567E+01
  plotrec         5.150561E+01   6.635092E+01   6.002615E+02   7.093135E+02
   2.601112E+03   6.308073E+02   5.688958E+02   9.965480E+02   6.007816E+02
   2.601112E+03   2.576213E+03   2.500239E+03   2.371018E+03   2.184448E+03
   1.942183E+03   1.653624E+03   9.965480E+02   9.803317E+02   9.649892E+02
   5.852310E+02   7.741251E-01   2.000000E+00   7.000000E+00   2.000000E+00
   1.234567E+01   4.401035E+00   1.234567E+01
  plotrec         5.200998E+01   6.635323E+01   6.002626E+02   7.087997E+02
   2.601221E+03   6.300833E+02   5.688851E+02   9.965770E+02   6.007701E+02
   2.601221E+03   2.576320E+03   2.500337E+03   2.371099E+03   2.184510E+03
   1.942222E+03   1.653639E+03   9.965770E+02   9.803599E+02   9.650164E+02
   5.852316E+02   7.741266E-01   2.000000E+00   7.000000E+00   2.000000E+00
   1.234567E+01   4.400696E+00   1.234567E+01
  plotrec         5.250682E+01   6.635531E+01   6.002636E+02   7.083074E+02
   2.601322E+03   6.293873E+02   5.688749E+02   9.966037E+02   6.007590E+02
   2.601322E+03   2.576418E+03   2.500427E+03   2.371175E+03   2.184567E+03
   1.942257E+03   1.653652E+03   9.966037E+02   9.803857E+02   9.650415E+02
   5.852322E+02   7.741281E-01   2.000000E+00   7.000000E+00   2.000000E+00
   1.234567E+01   4.400385E+00   1.234567E+01
  plotrec         5.301120E+01   6.635722E+01   6.002645E+02   7.078214E+02
   2.601418E+03   6.286976E+02   5.688649E+02   9.966289E+02   6.007479E+02
   2.601418E+03   2.576511E+03   2.500512E+03   2.371246E+03   2.184621E+03
   1.942291E+03   1.653665E+03   9.966289E+02   9.804102E+02   9.650652E+02
   5.852327E+02   7.741294E-01   2.000000E+00   7.000000E+00   2.000000E+00
   1.234567E+01   4.400090E+00   1.234567E+01
  plotrec         5.350805E+01   6.635893E+01   6.002654E+02   7.073556E+02
   2.601506E+03   6.280345E+02   5.688552E+02   9.966520E+02   6.007372E+02
   2.601506E+03   2.576596E+03   2.500590E+03   2.371312E+03   2.184671E+03
   1.942321E+03   1.653676E+03   9.966520E+02   9.804326E+02   9.650869E+02
   5.852332E+02   7.741306E-01   2.000000E+00   7.000000E+00   2.000000E+00
   1.234567E+01   4.399818E+00   1.234567E+01
  plotrec         5.401242E+01   6.636051E+01   6.002661E+02   7.068956E+02
   2.601589E+03   6.273775E+02   5.688457E+02   9.966740E+02   6.007266E+02
   2.601589E+03   2.576677E+03   2.500664E+03   2.371374E+03   2.184718E+03
   1.942350E+03   1.653687E+03   9.966740E+02   9.804539E+02   9.651075E+02
   5.852337E+02   7.741317E-01   2.000000E+00   7.000000E+00   2.000000E+00
   1.234567E+01   4.399561E+00   1.234567E+01
  plotrec         5.450926E+01   6.636191E+01   6.002668E+02   7.064547E+02
   2.601666E+03   6.267457E+02   5.688366E+02   9.966942E+02   6.007163E+02
   2.601666E+03   2.576752E+03   2.500732E+03   2.371431E+03   2.184762E+03
   1.942377E+03   1.653697E+03   9.966942E+02   9.804734E+02   9.651265E+02
   5.852341E+02   7.741327E-01   2.000000E+00   7.000000E+00   2.000000E+00
   1.234567E+01   4.399325E+00   1.234567E+01
  plotrec         5.500611E+01   6.636317E+01   6.002675E+02   7.060256E+02
   2.601737E+03   6.261290E+02   5.688277E+02   9.967129E+02   6.007062E+02
   2.601737E+03   2.576821E+03   2.500796E+03   2.371485E+03   2.184802E+03
   1.942402E+03   1.653706E+03   9.967129E+02   9.804916E+02   9.651441E+02
   5.852345E+02   7.741336E-01   2.000000E+00   7.000000E+00   2.000000E+00
   1.234567E+01   4.399105E+00   1.234567E+01
  plotrec         5.551048E+01   6.636432E+01   6.002680E+02   7.056021E+02
   2.601805E+03   6.255178E+02   5.688190E+02   9.967307E+02   6.006962E+02
   2.601805E+03   2.576887E+03   2.500857E+03   2.371535E+03   2.184841E+03
   1.942426E+03   1.653715E+03   9.967307E+02   9.805089E+02   9.651608E+02
   5.852349E+02   7.741345E-01   2.000000E+00   7.000000E+00   2.000000E+00
   1.234567E+01   4.398895E+00   1.234567E+01
  plotrec         5.600733E+01   6.636533E+01   6.002685E+02   7.051964E+02
   2.601868E+03   6.249301E+02   5.688106E+02   9.967470E+02   6.006865E+02
   2.601868E+03   2.576948E+03   2.500912E+03   2.371582E+03   2.184876E+03
   1.942448E+03   1.653723E+03   9.967470E+02   9.805247E+02   9.651761E+02
   5.852352E+02   7.741353E-01   2.000000E+00   7.000000E+00   2.000000E+00
   1.234567E+01   4.398704E+00   1.234567E+01
  plotrec         5.651170E+01   6.636625E+01   6.002690E+02   7.047958E+02
   2.601927E+03   6.243477E+02   5.688023E+02   9.967625E+02   6.006769E+02
   2.601927E+03   2.577006E+03   2.500965E+03   2.371626E+03   2.184909E+03
   1.942468E+03   1.653731E+03   9.967625E+02   9.805396E+02   9.651906E+02
   5.852355E+02   7.741360E-01   2.000000E+00   7.000000E+00   2.000000E+00
   1.234567E+01   4.398521E+00   1.234567E+01
  plotrec         5.700855E+01   6.636705E+01   6.002693E+02   7.044121E+02
   2.601981E+03   6.237876E+02   5.687944E+02   9.967766E+02   6.006677E+02
   2.601981E+03   2.577059E+03   2.501013E+03   2.371667E+03   2.184940E+03
   1.942487E+03   1.653738E+03   9.967766E+02   9.805533E+02   9.652039E+02
   5.852358E+02   7.741367E-01   2.000000E+00   7.000000E+00   2.000000E+00
   1.234567E+01   4.398355E+00   1.234567E+01
  plotrec         5.750540E+01   6.636776E+01   6.002697E+02   7.040388E+02
   2.602032E+03   6.232408E+02   5.687866E+02   9.967899E+02   6.006586E+02
   2.602032E+03   2.577108E+03   2.501059E+03   2.371705E+03   2.184969E+03
   1.942505E+03   1.653745E+03   9.967899E+02   9.805662E+02   9.652163E+02
   5.852360E+02   7.741372E-01   2.000000E+00   7.000000E+00   2.000000E+00
   1.234567E+01   4.398199E+00   1.234567E+01
  plotrec         5.800977E+01   6.636839E+01   6.002700E+02   7.036700E+02
   2.602080E+03   6.226989E+02   5.687790E+02   9.968023E+02   6.006495E+02
   2.602080E+03   2.577155E+03   2.501102E+03   2.371741E+03   2.184996E+03
   1.942521E+03   1.653751E+03   9.968023E+02   9.805783E+02   9.652280E+02
   5.852363E+02   7.741377E-01   2.000000E+00   7.000000E+00   2.000000E+00
   1.234567E+01   4.398051E+00   1.234567E+01
  plotrec         5.850662E+01   6.636893E+01   6.002703E+02   7.033165E+02
   2.602125E+03   6.221777E+02   5.687717E+02   9.968138E+02   6.006408E+02
   2.602125E+03   2.577198E+03   2.501141E+03   2.371774E+03   2.185021E+03
   1.942537E+03   1.653757E+03   9.968138E+02   9.805894E+02   9.652388E+02
   5.852365E+02   7.741383E-01   2.000000E+00   7.000000E+00   2.000000E+00
   1.234567E+01   4.397915E+00   1.234567E+01
  plotrec         5.901099E+01   6.636941E+01   6.002706E+02   7.029673E+02
   2.602167E+03   6.216612E+02   5.687645E+02   9.968246E+02   6.006322E+02
   2.602167E+03   2.577239E+03   2.501178E+03   2.371805E+03   2.185045E+03
   1.942552E+03   1.653762E+03   9.968246E+02   9.805999E+02   9.652490E+02
   5.852366E+02   7.741387E-01   2.000000E+00   7.000000E+00   2.000000E+00
   1.234567E+01   4.397786E+00   1.234567E+01
  plotrec         5.950784E+01   6.636980E+01   6.002708E+02   7.026328E+02
   2.602205E+03   6.211644E+02   5.687576E+02   9.968346E+02   6.006238E+02
   2.602205E+03   2.577276E+03   2.501213E+03   2.371834E+03   2.185066E+03
   1.942565E+03   1.653767E+03   9.968346E+02   9.806096E+02   9.652583E+02
   5.852368E+02   7.741391E-01   2.000000E+00   7.000000E+00   2.000000E+00
   1.234567E+01   4.397668E+00   1.234567E+01
  plotrec         6.001221E+01   6.637015E+01   6.002709E+02   7.023027E+02
   2.602242E+03   6.206721E+02   5.687507E+02   9.968440E+02   6.006155E+02
   2.602242E+03   2.577312E+03   2.501245E+03   2.371861E+03   2.185087E+03
   1.942578E+03   1.653772E+03   9.968440E+02   9.806187E+02   9.652672E+02
   5.852370E+02   7.741395E-01   2.000000E+00   7.000000E+00   2.000000E+00
   1.234567E+01   4.397556E+00   1.234567E+01
  plotrec         6.050906E+01   6.637042E+01   6.002711E+02   7.019863E+02
   2.602276E+03   6.201987E+02   5.687442E+02   9.968527E+02   6.006076E+02
   2.602276E+03   2.577344E+03   2.501275E+03   2.371886E+03   2.185106E+03
   1.942589E+03   1.653776E+03   9.968527E+02   9.806270E+02   9.652752E+02
   5.852371E+02   7.741398E-01   2.000000E+00   7.000000E+00   2.000000E+00
   1.234567E+01   4.397454E+00   1.234567E+01
  plotrec         6.100591E+01   6.637065E+01   6.002712E+02   7.016785E+02
   2.602307E+03   6.197363E+02   5.687379E+02   9.968607E+02   6.005998E+02
   2.602307E+03   2.577375E+03   2.501303E+03   2.371910E+03   2.185124E+03
   1.942600E+03   1.653780E+03   9.968607E+02   9.806348E+02   9.652828E+02
   5.852372E+02   7.741401E-01   2.000000E+00   7.000000E+00   2.000000E+00
   1.234567E+01   4.397358E+00   1.234567E+01
  plotrec         6.151028E+01   6.637083E+01   6.002713E+02   7.013744E+02
   2.602337E+03   6.192781E+02   5.687316E+02   9.968683E+02   6.005920E+02
   2.602337E+03   2.577404E+03   2.501330E+03   2.371932E+03   2.185141E+03
   1.942610E+03   1.653784E+03   9.968683E+02   9.806422E+02   9.652899E+02
   5.852374E+02   7.741403E-01   2.000000E+00   7.000000E+00   2.000000E+00
   1.234567E+01   4.397267E+00   1.234567E+01
  plotrec         6.200713E+01   6.637096E+01   6.002714E+02   7.010829E+02
   2.602364E+03   6.188373E+02   5.687255E+02   9.968752E+02   6.005845E+02
   2.602364E+03   2.577431E+03   2.501354E+03   2.371952E+03   2.185156E+03
   1.942620E+03   1.653787E+03   9.968752E+02   9.806489E+02   9.652964E+02
   5.852375E+02   7.741405E-01   2.000000E+00   7.000000E+00   2.000000E+00
   1.234567E+01   4.397183E+00   1.234567E+01
  plotrec         6.251151E+01   6.637105E+01   6.002714E+02   7.007950E+02
   2.602390E+03   6.184005E+02   5.687195E+02   9.968818E+02   6.005771E+02
   2.602390E+03   2.577456E+03   2.501377E+03   2.371971E+03   2.185171E+03
   1.942629E+03   1.653790E+03   9.968818E+02   9.806553E+02   9.653026E+02
   5.852375E+02   7.741407E-01   2.000000E+00   7.000000E+00   2.000000E+00
   1.234567E+01   4.397105E+00   1.234567E+01
  plotrec         6.300835E+01   6.637110E+01   6.002715E+02   7.005193E+02
   2.602414E+03   6.179803E+02   5.687139E+02   9.968879E+02   6.005700E+02
   2.602414E+03   2.577479E+03   2.501398E+03   2.371989E+03   2.185184E+03
   1.942637E+03   1.653793E+03   9.968879E+02   9.806611E+02   9.653082E+02
   5.852376E+02   7.741409E-01   2.000000E+00   7.000000E+00   2.000000E+00
   1.234567E+01   4.397032E+00   1.234567E+01
  plotrec         6.350520E+01   6.637112E+01   6.002715E+02   7.002510E+02
   2.602436E+03   6.175700E+02   5.687083E+02   9.968935E+02   6.005630E+02
   2.602436E+03   2.577501E+03   2.501418E+03   2.372006E+03   2.185197E+03
   1.942645E+03   1.653796E+03   9.968935E+02   9.806666E+02   9.653135E+02
   5.852377E+02   7.741410E-01   2.000000E+00   7.000000E+00   2.000000E+00
   1.234567E+01   4.396965E+00   1.234567E+01
  plotrec         6.400957E+01   6.637111E+01   6.002715E+02   6.999859E+02
   2.602458E+03   6.171632E+02   5.687028E+02   9.968988E+02   6.005561E+02
   2.602458E+03   2.577521E+03   2.501437E+03   2.372021E+03   2.185208E+03
   1.942652E+03   1.653799E+03   9.968988E+02   9.806717E+02   9.653184E+02
   5.852378E+02   7.741412E-01   2.000000E+00   7.000000E+00   2.000000E+00
   1.234567E+01   4.396901E+00   1.234567E+01
  plotrec         6.450642E+01   6.637106E+01   6.002715E+02   6.997319E+02
   2.602477E+03   6.167718E+02   5.686976E+02   9.969037E+02   6.005494E+02
   2.602477E+03   2.577540E+03   2.501454E+03   2.372036E+03   2.185219E+03
   1.942658E+03   1.653801E+03   9.969037E+02   9.806764E+02   9.653230E+02
   5.852379E+02   7.741413E-01   2.000000E+00   7.000000E+00   2.000000E+00
   1.234567E+01   4.396842E+00   1.234567E+01
  plotrec         6.501080E+01   6.637099E+01   6.002715E+02   6.994810E+02
   2.602495E+03   6.163835E+02   5.686924E+02   9.969083E+02   6.005428E+02
   2.602495E+03   2.577558E+03   2.501470E+03   2.372050E+03   2.185230E+03
   1.942665E+03   1.653803E+03   9.969083E+02   9.806808E+02   9.653273E+02
   5.852379E+02   7.741414E-01   2.000000E+00   7.000000E+00   2.000000E+00
   1.234567E+01   4.396786E+00   1.234567E+01
  plotrec         6.550764E+01   6.637091E+01   6.002714E+02   6.992404E+02
   2.602512E+03   6.160096E+02   5.686874E+02   9.969125E+02   6.005364E+02
   2.602512E+03   2.577574E+03   2.501486E+03   2.372062E+03   2.185239E+03
   1.942671E+03   1.653805E+03   9.969125E+02   9.806849E+02   9.653312E+02
   5.852379E+02   7.741414E-01   2.000000E+00   7.000000E+00   2.000000E+00
   1.234567E+01   4.396735E+00   1.234567E+01
  plotrec         6.601202E+01   6.637080E+01   6.002714E+02   6.990027E+02
   2.602528E+03   6.156389E+02   5.686826E+02   9.969164E+02   6.005301E+02
   2.602528E+03   2.577590E+03   2.501500E+03   2.372074E+03   2.185248E+03
   1.942676E+03   1.653807E+03   9.969164E+02   9.806888E+02   9.653349E+02
   5.852380E+02   7.741415E-01   2.000000E+00   7.000000E+00   2.000000E+00
   1.234567E+01   4.396687E+00   1.234567E+01
  plotrec         6.650887E+01   6.637066E+01   6.002714E+02   6.987748E+02
   2.602543E+03   6.152822E+02   5.686779E+02   9.969200E+02   6.005240E+02
   2.602543E+03   2.577604E+03   2.501513E+03   2.372085E+03   2.185256E+03
   1.942681E+03   1.653809E+03   9.969200E+02   9.806923E+02   9.653383E+02
   5.852380E+02   7.741416E-01   2.000000E+00   7.000000E+00   2.000000E+00
   1.234567E+01   4.396643E+00   1.234567E+01
  plotrec         6.700571E+01   6.637051E+01   6.002713E+02   6.985530E+02
   2.602557E+03   6.149338E+02   5.686733E+02   9.969235E+02   6.005180E+02
   2.602557E+03   2.577618E+03   2.501525E+03   2.372095E+03   2.185264E+03
   1.942686E+03   1.653811E+03   9.969235E+02   9.806955E+02   9.653414E+02
   5.852380E+02   7.741416E-01   2.000000E+00   7.000000E+00   2.000000E+00
   1.234567E+01   4.396602E+00   1.234567E+01
  plotrec         6.751009E+01   6.637035E+01   6.002712E+02   6.983339E+02
   2.602570E+03   6.145886E+02   5.686688E+02   9.969266E+02   6.005121E+02
   2.602570E+03   2.577630E+03   2.501537E+03   2.372105E+03   2.185271E+03
   1.942690E+03   1.653812E+03   9.969266E+02   9.806986E+02   9.653444E+02
   5.852380E+02   7.741416E-01   2.000000E+00   7.000000E+00   2.000000E+00
   1.234567E+01   4.396563E+00   1.234567E+01
  plotrec         6.800694E+01   6.637016E+01   6.002711E+02   6.981238E+02
   2.602582E+03   6.142565E+02   5.686644E+02   9.969295E+02   6.005064E+02
   2.602582E+03   2.577642E+03   2.501547E+03   2.372114E+03   2.185278E+03
   1.942694E+03   1.653814E+03   9.969295E+02   9.807014E+02   9.653471E+02
   5.852380E+02   7.741416E-01   2.000000E+00   7.000000E+00   2.000000E+00
   1.234567E+01   4.396527E+00   1.234567E+01
  plotrec         6.851131E+01   6.636996E+01   6.002711E+02   6.979161E+02
   2.602593E+03   6.139272E+02   5.686602E+02   9.969323E+02   6.005008E+02
   2.602593E+03   2.577653E+03   2.501557E+03   2.372122E+03   2.185284E+03
   1.942698E+03   1.653815E+03   9.969323E+02   9.807040E+02   9.653497E+02
   5.852380E+02   7.741416E-01   2.000000E+00   7.000000E+00   2.000000E+00
   1.234567E+01   4.396493E+00   1.234567E+01
  plotrec         6.900816E+01   6.636977E+01   6.002710E+02   6.977171E+02
   2.602603E+03   6.136106E+02   5.686560E+02   9.969348E+02   6.004953E+02
   2.602603E+03   2.577663E+03   2.501567E+03   2.372130E+03   2.185290E+03
   1.942702E+03   1.653816E+03   9.969348E+02   9.807065E+02   9.653520E+02
   5.852381E+02   7.741416E-01   2.000000E+00   7.000000E+00   2.000000E+00
   1.234567E+01   4.396462E+00   1.234567E+01
  plotrec         6.951254E+01   6.636954E+01   6.002709E+02   6.975204E+02
   2.602613E+03   6.132968E+02   5.686520E+02   9.969371E+02   6.004899E+02
   2.602613E+03   2.577673E+03   2.501575E+03   2.372137E+03   2.185296E+03
   1.942705E+03   1.653818E+03   9.969371E+02   9.807087E+02   9.653542E+02
   5.852381E+02   7.741416E-01   2.000000E+00   7.000000E+00   2.000000E+00
   1.234567E+01   4.396432E+00   1.234567E+01
  plotrec         7.000939E+01   6.636932E+01   6.002708E+02   6.973319E+02
   2.602622E+03   6.129948E+02   5.686481E+02   9.969393E+02   6.004847E+02
   2.602622E+03   2.577681E+03   2.501583E+03   2.372144E+03   2.185301E+03
   1.942708E+03   1.653819E+03   9.969393E+02   9.807108E+02   9.653562E+02
   5.852381E+02   7.741416E-01   2.000000E+00   7.000000E+00   2.000000E+00
   1.234567E+01   4.396406E+00   1.234567E+01
  plotrec         7.050624E+01   6.636909E+01   6.002707E+02   6.971483E+02
   2.602631E+03   6.127000E+02   5.686443E+02   9.969413E+02   6.004796E+02
   2.602631E+03   2.577689E+03   2.501591E+03   2.372150E+03   2.185305E+03
   1.942711E+03   1.653820E+03   9.969413E+02   9.807128E+02   9.653581E+02
   5.852381E+02   7.741415E-01   2.000000E+00   7.000000E+00   2.000000E+00
   1.234567E+01   4.396380E+00   1.234567E+01
  plotrec         7.101061E+01   6.636886E+01   6.002706E+02   6.969670E+02
   2.602639E+03   6.124077E+02   5.686406E+02   9.969432E+02   6.004746E+02
   2.602639E+03   2.577697E+03   2.501598E+03   2.372156E+03   2.185310E+03
   1.942714E+03   1.653821E+03   9.969432E+02   9.807146E+02   9.653598E+02
   5.852381E+02   7.741415E-01   2.000000E+00   7.000000E+00   2.000000E+00
   1.234567E+01   4.396357E+00   1.234567E+01
  plotrec         7.150746E+01   6.636861E+01   6.002704E+02   6.967930E+02
   2.602646E+03   6.121265E+02   5.686370E+02   9.969449E+02   6.004697E+02
   2.602646E+03   2.577704E+03   2.501604E+03   2.372162E+03   2.185314E+03
   1.942716E+03   1.653821E+03   9.969449E+02   9.807162E+02   9.653615E+02
   5.852380E+02   7.741414E-01   2.000000E+00   7.000000E+00   2.000000E+00
   1.234567E+01   4.396335E+00   1.234567E+01
  plotrec         7.201184E+01   6.636836E+01   6.002704E+02   6.966212E+02
   2.602653E+03   6.118478E+02   5.686335E+02   9.969465E+02   6.004649E+02
   2.602653E+03   2.577711E+03   2.501611E+03   2.372167E+03   2.185318E+03
   1.942718E+03   1.653822E+03   9.969465E+02   9.807178E+02   9.653629E+02
   5.852380E+02   7.741414E-01   2.000000E+00   7.000000E+00   2.000000E+00
   1.234567E+01   4.396315E+00   1.234567E+01
  plotrec         7.250868E+01   6.636811E+01   6.002703E+02   6.964565E+02
   2.602659E+03   6.115797E+02   5.686301E+02   9.969480E+02   6.004603E+02
   2.602659E+03   2.577717E+03   2.501616E+03   2.372171E+03   2.185321E+03
   1.942720E+03   1.653823E+03   9.969480E+02   9.807192E+02   9.653643E+02
   5.852380E+02   7.741413E-01   2.000000E+00   7.000000E+00   2.000000E+00
   1.234567E+01   4.396296E+00   1.234567E+01
  plotrec         7.300553E+01   6.636786E+01   6.002701E+02   6.962961E+02
   2.602665E+03   6.113178E+02   5.686268E+02   9.969493E+02   6.004557E+02
   2.602665E+03   2.577723E+03   2.501622E+03   2.372176E+03   2.185324E+03
   1.942722E+03   1.653824E+03   9.969493E+02   9.807205E+02   9.653655E+02
   5.852380E+02   7.741413E-01   2.000000E+00   7.000000E+00   2.000000E+00
   1.234567E+01   4.396278E+00   1.234567E+01
  plotrec         7.350991E+01   6.636760E+01   6.002700E+02   6.961376E+02
   2.602671E+03   6.110582E+02   5.686235E+02   9.969506E+02   6.004512E+02
   2.602671E+03   2.577729E+03   2.501626E+03   2.372180E+03   2.185328E+03
   1.942724E+03   1.653824E+03   9.969506E+02   9.807217E+02   9.653667E+02
   5.852380E+02   7.741412E-01   2.000000E+00   7.000000E+00   2.000000E+00
   1.234567E+01   4.396262E+00   1.234567E+01
  plotrec         7.400676E+01   6.636734E+01   6.002699E+02   6.959856E+02
   2.602676E+03   6.108085E+02   5.686204E+02   9.969518E+02   6.004470E+02
   2.602676E+03   2.577734E+03   2.501631E+03   2.372184E+03   2.185331E+03
   1.942726E+03   1.653825E+03   9.969518E+02   9.807228E+02   9.653678E+02
   5.852380E+02   7.741411E-01   2.000000E+00   7.000000E+00   2.000000E+00
   1.234567E+01   4.396247E+00   1.234567E+01
  plotrec         7.451114E+01   6.636707E+01   6.002698E+02   6.958354E+02
   2.602681E+03   6.105610E+02   5.686173E+02   9.969529E+02   6.004426E+02
   2.602681E+03   2.577739E+03   2.501635E+03   2.372188E+03   2.185333E+03
   1.942728E+03   1.653825E+03   9.969529E+02   9.807239E+02   9.653688E+02
   5.852380E+02   7.741411E-01   2.000000E+00   7.000000E+00   2.000000E+00
   1.234567E+01   4.396233E+00   1.234567E+01
  plotrec         7.500798E+01   6.636681E+01   6.002697E+02   6.956915E+02
   2.602686E+03   6.103229E+02   5.686144E+02   9.969539E+02   6.004385E+02
   2.602686E+03   2.577743E+03   2.501639E+03   2.372191E+03   2.185336E+03
   1.942729E+03   1.653826E+03   9.969539E+02   9.807249E+02   9.653698E+02
   5.852380E+02   7.741410E-01   2.000000E+00   7.000000E+00   2.000000E+00
   1.234567E+01   4.396219E+00   1.234567E+01
  plotrec         7.551236E+01   6.636655E+01   6.002695E+02   6.955492E+02
   2.602690E+03   6.100868E+02   5.686115E+02   9.969548E+02   6.004344E+02
   2.602690E+03   2.577747E+03   2.501643E+03   2.372194E+03   2.185338E+03
   1.942730E+03   1.653826E+03   9.969548E+02   9.807258E+02   9.653706E+02
   5.852380E+02   7.741410E-01   2.000000E+00   7.000000E+00   2.000000E+00
   1.234567E+01   4.396207E+00   1.234567E+01
  plotrec         7.600921E+01   6.636629E+01   6.002694E+02   6.954128E+02
   2.602694E+03   6.098597E+02   5.686086E+02   9.969556E+02   6.004305E+02
   2.602694E+03   2.577751E+03   2.501647E+03   2.372197E+03   2.185340E+03
   1.942732E+03   1.653827E+03   9.969556E+02   9.807266E+02   9.653713E+02
   5.852379E+02   7.741408E-01   2.000000E+00   7.000000E+00   2.000000E+00
   1.234567E+01   4.396196E+00   1.234567E+01
  plotrec         7.650606E+01   6.636602E+01   6.002693E+02   6.952800E+02
   2.602697E+03   6.096379E+02   5.686059E+02   9.969564E+02   6.004266E+02
   2.602697E+03   2.577754E+03   2.501650E+03   2.372199E+03   2.185342E+03
   1.942733E+03   1.653827E+03   9.969564E+02   9.807273E+02   9.653721E+02
   5.852379E+02   7.741408E-01   2.000000E+00   7.000000E+00   2.000000E+00
   1.234567E+01   4.396185E+00   1.234567E+01
  plotrec         7.701044E+01   6.636576E+01   6.002692E+02   6.951487E+02
   2.602701E+03   6.094180E+02   5.686032E+02   9.969572E+02   6.004228E+02
   2.602701E+03   2.577758E+03   2.501653E+03   2.372202E+03   2.185344E+03
   1.942734E+03   1.653827E+03   9.969572E+02   9.807280E+02   9.653727E+02
   5.852379E+02   7.741407E-01   2.000000E+00   7.000000E+00   2.000000E+00
   1.234567E+01   4.396175E+00   1.234567E+01
  plotrec         7.750729E+01   6.636550E+01   6.002691E+02   6.950229E+02
   2.602704E+03   6.092065E+02   5.686006E+02   9.969578E+02   6.004191E+02
   2.602704E+03   2.577761E+03   2.501656E+03   2.372204E+03   2.185346E+03
   1.942735E+03   1.653828E+03   9.969578E+02   9.807286E+02   9.653734E+02
   5.852379E+02   7.741407E-01   2.000000E+00   7.000000E+00   2.000000E+00
   1.234567E+01   4.396167E+00   1.234567E+01
  plotrec         7.801166E+01   6.636524E+01   6.002690E+02   6.948985E+02
   2.602707E+03   6.089968E+02   5.685981E+02   9.969584E+02   6.004155E+02
   2.602707E+03   2.577764E+03   2.501658E+03   2.372207E+03   2.185347E+03
   1.942736E+03   1.653828E+03   9.969584E+02   9.807292E+02   9.653739E+02
   5.852379E+02   7.741405E-01   2.000000E+00   7.000000E+00   2.000000E+00
   1.234567E+01   4.396158E+00   1.234567E+01
  plotrec         7.850851E+01   6.636498E+01   6.002689E+02   6.947793E+02
   2.602710E+03   6.087950E+02   5.685956E+02   9.969589E+02   6.004119E+02
   2.602710E+03   2.577766E+03   2.501661E+03   2.372208E+03   2.185349E+03
   1.942737E+03   1.653828E+03   9.969589E+02   9.807297E+02   9.653744E+02
   5.852379E+02   7.741405E-01   2.000000E+00   7.000000E+00   2.000000E+00
   1.234567E+01   4.396151E+00   1.234567E+01
  plotrec         7.900536E+01   6.636473E+01   6.002687E+02   6.946632E+02
   2.602712E+03   6.085979E+02   5.685933E+02   9.969595E+02   6.004085E+02
   2.602712E+03   2.577769E+03   2.501663E+03   2.372210E+03   2.185350E+03
   1.942738E+03   1.653828E+03   9.969595E+02   9.807302E+02   9.653749E+02
   5.852378E+02   7.741404E-01   2.000000E+00   7.000000E+00   2.000000E+00
   1.234567E+01   4.396143E+00   1.234567E+01
  plotrec         7.950974E+01   6.636447E+01   6.002686E+02   6.945485E+02
   2.602715E+03   6.084025E+02   5.685909E+02   9.969599E+02   6.004051E+02
   2.602715E+03   2.577771E+03   2.501665E+03   2.372212E+03   2.185352E+03
   1.942739E+03   1.653829E+03   9.969599E+02   9.807307E+02   9.653753E+02
   5.852378E+02   7.741403E-01   2.000000E+00   7.000000E+00   2.000000E+00
   1.234567E+01   4.396136E+00   1.234567E+01
  plotrec         8.000658E+01   6.636423E+01   6.002685E+02   6.944385E+02
   2.602717E+03   6.082146E+02   5.685886E+02   9.969603E+02   6.004018E+02
   2.602717E+03   2.577773E+03   2.501667E+03   2.372214E+03   2.185353E+03
   1.942739E+03   1.653829E+03   9.969603E+02   9.807311E+02   9.653757E+02
   5.852378E+02   7.741402E-01   2.000000E+00   7.000000E+00   2.000000E+00
   1.234567E+01   4.396131E+00   1.234567E+01
  plotrec         8.051096E+01   6.636398E+01   6.002684E+02   6.943297E+02
   2.602719E+03   6.080283E+02   5.685864E+02   9.969608E+02   6.003986E+02
   2.602719E+03   2.577775E+03   2.501669E+03   2.372215E+03   2.185354E+03
   1.942740E+03   1.653829E+03   9.969608E+02   9.807314E+02   9.653760E+02
   5.852377E+02   7.741402E-01   2.000000E+00   7.000000E+00   2.000000E+00
   1.234567E+01   4.396124E+00   1.234567E+01
  plotrec         8.100780E+01   6.636373E+01   6.002682E+02   6.942255E+02
   2.602721E+03   6.078489E+02   5.685843E+02   9.969611E+02   6.003954E+02
   2.602721E+03   2.577777E+03   2.501671E+03   2.372217E+03   2.185355E+03
   1.942740E+03   1.653829E+03   9.969611E+02   9.807318E+02   9.653763E+02
   5.852377E+02   7.741401E-01   2.000000E+00   7.000000E+00   2.000000E+00
   1.234567E+01   4.396119E+00   1.234567E+01
  plotrec         8.151218E+01   6.636349E+01   6.002682E+02   6.941225E+02
   2.602723E+03   6.076712E+02   5.685822E+02   9.969614E+02   6.003923E+02
   2.602723E+03   2.577779E+03   2.501672E+03   2.372218E+03   2.185356E+03
   1.942741E+03   1.653829E+03   9.969614E+02   9.807321E+02   9.653766E+02
   5.852377E+02   7.741400E-01   2.000000E+00   7.000000E+00   2.000000E+00
   1.234567E+01   4.396114E+00   1.234567E+01
  plotrec         8.200903E+01   6.636325E+01   6.002681E+02   6.940237E+02
   2.602724E+03   6.075002E+02   5.685801E+02   9.969617E+02   6.003893E+02
   2.602724E+03   2.577781E+03   2.501674E+03   2.372219E+03   2.185357E+03
   1.942742E+03   1.653830E+03   9.969617E+02   9.807324E+02   9.653769E+02
   5.852377E+02   7.741399E-01   2.000000E+00   7.000000E+00   2.000000E+00
   1.234567E+01   4.396110E+00   1.234567E+01
  plotrec         8.250588E+01   6.636301E+01   6.002679E+02   6.939276E+02
   2.602726E+03   6.073332E+02   5.685782E+02   9.969620E+02   6.003865E+02
   2.602726E+03   2.577782E+03   2.501675E+03   2.372220E+03   2.185358E+03
   1.942742E+03   1.653830E+03   9.969620E+02   9.807327E+02   9.653771E+02
   5.852377E+02   7.741398E-01   2.000000E+00   7.000000E+00   2.000000E+00
   1.234567E+01   4.396106E+00   1.234567E+01
  plotrec         8.301026E+01   6.636278E+01   6.002678E+02   6.938325E+02
   2.602727E+03   6.071676E+02   5.685762E+02   9.969622E+02   6.003835E+02
   2.602727E+03   2.577783E+03   2.501677E+03   2.372221E+03   2.185358E+03
   1.942742E+03   1.653830E+03   9.969622E+02   9.807328E+02   9.653774E+02
   5.852376E+02   7.741398E-01   2.000000E+00   7.000000E+00   2.000000E+00
   1.234567E+01   4.396102E+00   1.234567E+01
  plotrec         8.350711E+01   6.636255E+01   6.002678E+02   6.937414E+02
   2.602729E+03   6.070083E+02   5.685743E+02   9.969625E+02   6.003808E+02
   2.602729E+03   2.577785E+03   2.501677E+03   2.372222E+03   2.185359E+03
   1.942743E+03   1.653830E+03   9.969625E+02   9.807331E+02   9.653776E+02
   5.852376E+02   7.741397E-01   2.000000E+00   7.000000E+00   2.000000E+00
   1.234567E+01   4.396098E+00   1.234567E+01
  plotrec         8.401148E+01   6.636232E+01   6.002676E+02   6.936513E+02
   2.602730E+03   6.068503E+02   5.685725E+02   9.969626E+02   6.003780E+02
   2.602730E+03   2.577786E+03   2.501679E+03   2.372223E+03   2.185360E+03
   1.942743E+03   1.653830E+03   9.969626E+02   9.807333E+02   9.653777E+02
   5.852376E+02   7.741396E-01   2.000000E+00   7.000000E+00   2.000000E+00
   1.234567E+01   4.396095E+00   1.234567E+01
  plotrec         8.450833E+01   6.636210E+01   6.002675E+02   6.935649E+02
   2.602731E+03   6.066984E+02   5.685707E+02   9.969628E+02   6.003754E+02
   2.602731E+03   2.577787E+03   2.501680E+03   2.372224E+03   2.185361E+03
   1.942744E+03   1.653830E+03   9.969628E+02   9.807334E+02   9.653779E+02
   5.852375E+02   7.741395E-01   2.000000E+00   7.000000E+00   2.000000E+00
   1.234567E+01   4.396092E+00   1.234567E+01
  plotrec         8.500518E+01   6.636188E+01   6.002675E+02   6.934808E+02
   2.602732E+03   6.065499E+02   5.685690E+02   9.969630E+02   6.003727E+02
   2.602732E+03   2.577788E+03   2.501681E+03   2.372225E+03   2.185361E+03
   1.942744E+03   1.653830E+03   9.969630E+02   9.807336E+02   9.653780E+02
   5.852375E+02   7.741395E-01   2.000000E+00   7.000000E+00   2.000000E+00
   1.234567E+01   4.396089E+00   1.234567E+01
  plotrec         8.550956E+01   6.636166E+01   6.002673E+02   6.933978E+02
   2.602733E+03   6.064028E+02   5.685673E+02   9.969631E+02   6.003702E+02
   2.602733E+03   2.577789E+03   2.501682E+03   2.372226E+03   2.185362E+03
   1.942744E+03   1.653830E+03   9.969631E+02   9.807337E+02   9.653781E+02
   5.852375E+02   7.741394E-01   2.000000E+00   7.000000E+00   2.000000E+00
   1.234567E+01   4.396087E+00   1.234567E+01
  plotrec         8.600641E+01   6.636145E+01   6.002672E+02   6.933181E+02
   2.602734E+03   6.062612E+02   5.685657E+02   9.969633E+02   6.003677E+02
   2.602734E+03   2.577790E+03   2.501682E+03   2.372226E+03   2.185362E+03
   1.942745E+03   1.653830E+03   9.969633E+02   9.807338E+02   9.653782E+02
   5.852375E+02   7.741393E-01   2.000000E+00   7.000000E+00   2.000000E+00
   1.234567E+01   4.396084E+00   1.234567E+01
  plotrec         8.651079E+01   6.636124E+01   6.002672E+02   6.932393E+02
   2.602735E+03   6.061207E+02   5.685641E+02   9.969633E+02   6.003652E+02
   2.602735E+03   2.577791E+03   2.501683E+03   2.372227E+03   2.185363E+03
   1.942745E+03   1.653830E+03   9.969633E+02   9.807339E+02   9.653784E+02
   5.852375E+02   7.741392E-01   2.000000E+00   7.000000E+00   2.000000E+00
   1.234567E+01   4.396082E+00   1.234567E+01
  plotrec         8.700764E+01   6.636104E+01   6.002670E+02   6.931638E+02
   2.602736E+03   6.059857E+02   5.685626E+02   9.969634E+02   6.003629E+02
   2.602736E+03   2.577792E+03   2.501684E+03   2.372228E+03   2.185363E+03
   1.942745E+03   1.653830E+03   9.969634E+02   9.807340E+02   9.653784E+02
   5.852375E+02   7.741392E-01   2.000000E+00   7.000000E+00   2.000000E+00
   1.234567E+01   4.396080E+00   1.234567E+01
  plotrec         8.751201E+01   6.636083E+01   6.002670E+02   6.930892E+02
   2.602736E+03   6.058517E+02   5.685610E+02   9.969635E+02   6.003605E+02
   2.602736E+03   2.577792E+03   2.501685E+03   2.372228E+03   2.185363E+03
   1.942745E+03   1.653830E+03   9.969635E+02   9.807341E+02   9.653785E+02
   5.852374E+02   7.741391E-01   2.000000E+00   7.000000E+00   2.000000E+00
   1.234567E+01   4.396078E+00   1.234567E+01
  plotrec         8.800886E+01   6.636063E+01   6.002668E+02   6.930176E+02
   2.602737E+03   6.057229E+02   5.685596E+02   9.969636E+02   6.003583E+02
   2.602737E+03   2.577793E+03   2.501685E+03   2.372229E+03   2.185364E+03
   1.942745E+03   1.653830E+03   9.969636E+02   9.807341E+02   9.653785E+02
   5.852374E+02   7.741390E-01   2.000000E+00   7.000000E+00   2.000000E+00
   1.234567E+01   4.396077E+00   1.234567E+01
  plotrec         8.850571E+01   6.636044E+01   6.002668E+02   6.929479E+02
   2.602738E+03   6.055970E+02   5.685581E+02   9.969636E+02   6.003561E+02
   2.602738E+03   2.577793E+03   2.501686E+03   2.372229E+03   2.185364E+03
   1.942745E+03   1.653830E+03   9.969636E+02   9.807342E+02   9.653786E+02
   5.852374E+02   7.741389E-01   2.000000E+00   7.000000E+00   2.000000E+00
   1.234567E+01   4.396075E+00   1.234567E+01
  plotrec         8.901009E+01   6.636024E+01   6.002667E+02   6.928791E+02
   2.602738E+03   6.054722E+02   5.685567E+02   9.969637E+02   6.003539E+02
   2.602738E+03   2.577794E+03   2.501686E+03   2.372229E+03   2.185364E+03
   1.942746E+03   1.653831E+03   9.969637E+02   9.807343E+02   9.653786E+02
   5.852374E+02   7.741389E-01   2.000000E+00   7.000000E+00   2.000000E+00
   1.234567E+01   4.396074E+00   1.234567E+01
  plotrec         8.950694E+01   6.636006E+01   6.002666E+02   6.928130E+02
   2.602739E+03   6.053522E+02   5.685554E+02   9.969637E+02   6.003518E+02
   2.602739E+03   2.577795E+03   2.501687E+03   2.372230E+03   2.185365E+03
   1.942746E+03   1.653831E+03   9.969637E+02   9.807343E+02   9.653787E+02
   5.852374E+02   7.741388E-01   2.000000E+00   7.000000E+00   2.000000E+00
   1.234567E+01   4.396072E+00   1.234567E+01
  plotrec         9.001131E+01   6.635988E+01   6.002665E+02   6.927478E+02
   2.602740E+03   6.052331E+02   5.685540E+02   9.969637E+02   6.003497E+02
   2.602740E+03   2.577795E+03   2.501687E+03   2.372230E+03   2.185365E+03
   1.942746E+03   1.653831E+03   9.969637E+02   9.807343E+02   9.653787E+02
   5.852374E+02   7.741387E-01   2.000000E+00   7.000000E+00   2.000000E+00
   1.234567E+01   4.396071E+00   1.234567E+01
  plotrec         9.050816E+01   6.635970E+01   6.002664E+02   6.926852E+02
   2.602740E+03   6.051185E+02   5.685527E+02   9.969638E+02   6.003477E+02
   2.602740E+03   2.577796E+03   2.501688E+03   2.372230E+03   2.185365E+03
   1.942746E+03   1.653831E+03   9.969638E+02   9.807343E+02   9.653787E+02
   5.852373E+02   7.741387E-01   2.000000E+00   7.000000E+00   2.000000E+00
   1.234567E+01   4.396070E+00   1.234567E+01
  plotrec         9.101254E+01   6.635952E+01   6.002664E+02   6.926234E+02
   2.602740E+03   6.050050E+02   5.685515E+02   9.969638E+02   6.003458E+02
   2.602740E+03   2.577796E+03   2.501688E+03   2.372231E+03   2.185365E+03
   1.942746E+03   1.653831E+03   9.969638E+02   9.807343E+02   9.653787E+02
   5.852373E+02   7.741386E-01   2.000000E+00   7.000000E+00   2.000000E+00
   1.234567E+01   4.396070E+00   1.234567E+01
  plotrec         9.150939E+01   6.635934E+01   6.002663E+02   6.925641E+02
   2.602741E+03   6.048957E+02   5.685503E+02   9.969638E+02   6.003438E+02
   2.602741E+03   2.577796E+03   2.501688E+03   2.372231E+03   2.185365E+03
   1.942746E+03   1.653831E+03   9.969638E+02   9.807344E+02   9.653787E+02
   5.852373E+02   7.741386E-01   2.000000E+00   7.000000E+00   2.000000E+00
   1.234567E+01   4.396069E+00   1.234567E+01
  plotrec         9.200624E+01   6.635918E+01   6.002662E+02   6.925063E+02
   2.602741E+03   6.047889E+02   5.685491E+02   9.969638E+02   6.003420E+02
   2.602741E+03   2.577797E+03   2.501688E+03   2.372231E+03   2.185366E+03
   1.942746E+03   1.653831E+03   9.969638E+02   9.807344E+02   9.653787E+02
   5.852372E+02   7.741385E-01   2.000000E+00   7.000000E+00   2.000000E+00
   1.234567E+01   4.396068E+00   1.234567E+01
  plotrec         9.251061E+01   6.635901E+01   6.002661E+02   6.924492E+02
   2.602741E+03   6.046831E+02   5.685479E+02   9.969639E+02   6.003401E+02
   2.602741E+03   2.577797E+03   2.501689E+03   2.372231E+03   2.185366E+03
   1.942746E+03   1.653831E+03   9.969639E+02   9.807344E+02   9.653787E+02
   5.852372E+02   7.741385E-01   2.000000E+00   7.000000E+00   2.000000E+00
   1.234567E+01   4.396067E+00   1.234567E+01
  plotrec         9.300746E+01   6.635885E+01   6.002661E+02   6.923945E+02
   2.602742E+03   6.045813E+02   5.685468E+02   9.969638E+02   6.003383E+02
   2.602742E+03   2.577797E+03   2.501689E+03   2.372232E+03   2.185366E+03
   1.942746E+03   1.653831E+03   9.969638E+02   9.807343E+02   9.653787E+02
   5.852372E+02   7.741384E-01   2.000000E+00   7.000000E+00   2.000000E+00
   1.234567E+01   4.396067E+00   1.234567E+01
  plotrec         9.351184E+01   6.635869E+01   6.002660E+02   6.923405E+02
   2.602742E+03   6.044803E+02   5.685457E+02   9.969638E+02   6.003365E+02
   2.602742E+03   2.577798E+03   2.501689E+03   2.372232E+03   2.185366E+03
   1.942747E+03   1.653831E+03   9.969638E+02   9.807343E+02   9.653787E+02
   5.852372E+02   7.741383E-01   2.000000E+00   7.000000E+00   2.000000E+00
   1.234567E+01   4.396066E+00   1.234567E+01
  plotrec         9.400869E+01   6.635853E+01   6.002659E+02   6.922886E+02
   2.602742E+03   6.043832E+02   5.685446E+02   9.969638E+02   6.003348E+02
   2.602742E+03   2.577798E+03   2.501690E+03   2.372232E+03   2.185366E+03
   1.942747E+03   1.653831E+03   9.969638E+02   9.807343E+02   9.653787E+02
   5.852372E+02   7.741383E-01   2.000000E+00   7.000000E+00   2.000000E+00
   1.234567E+01   4.396066E+00   1.234567E+01
  plotrec         9.450554E+01   6.635838E+01   6.002658E+02   6.922380E+02
   2.602742E+03   6.042883E+02   5.685436E+02   9.969638E+02   6.003332E+02
   2.602742E+03   2.577798E+03   2.501690E+03   2.372232E+03   2.185366E+03
   1.942747E+03   1.653831E+03   9.969638E+02   9.807343E+02   9.653786E+02
   5.852372E+02   7.741382E-01   2.000000E+00   7.000000E+00   2.000000E+00
   1.234567E+01   4.396065E+00   1.234567E+01
  plotrec         9.500992E+01   6.635822E+01   6.002657E+02   6.921882E+02
   2.602743E+03   6.041942E+02   5.685426E+02   9.969638E+02   6.003315E+02
   2.602743E+03   2.577798E+03   2.501690E+03   2.372232E+03   2.185366E+03
   1.942747E+03   1.653831E+03   9.969638E+02   9.807343E+02   9.653786E+02
   5.852372E+02   7.741382E-01   2.000000E+00   7.000000E+00   2.000000E+00
   1.234567E+01   4.396065E+00   1.234567E+01
  plotrec         9.550677E+01   6.635808E+01   6.002657E+02   6.921403E+02
   2.602743E+03   6.041036E+02   5.685416E+02   9.969637E+02   6.003300E+02
   2.602743E+03   2.577799E+03   2.501690E+03   2.372233E+03   2.185366E+03
   1.942747E+03   1.653830E+03   9.969637E+02   9.807343E+02   9.653786E+02
   5.852371E+02   7.741381E-01   2.000000E+00   7.000000E+00   2.000000E+00
   1.234567E+01   4.396064E+00   1.234567E+01
  plotrec         9.601115E+01   6.635793E+01   6.002656E+02   6.920930E+02
   2.602743E+03   6.040139E+02   5.685406E+02   9.969637E+02   6.003284E+02
   2.602743E+03   2.577799E+03   2.501690E+03   2.372233E+03   2.185367E+03
   1.942747E+03   1.653830E+03   9.969637E+02   9.807343E+02   9.653785E+02
   5.852371E+02   7.741380E-01   2.000000E+00   7.000000E+00   2.000000E+00
   1.234567E+01   4.396064E+00   1.234567E+01
  plotrec         9.650800E+01   6.635780E+01   6.002656E+02   6.920476E+02
   2.602743E+03   6.039275E+02   5.685397E+02   9.969637E+02   6.003269E+02
   2.602743E+03   2.577799E+03   2.501690E+03   2.372233E+03   2.185367E+03
   1.942747E+03   1.653830E+03   9.969637E+02   9.807342E+02   9.653785E+02
   5.852371E+02   7.741380E-01   2.000000E+00   7.000000E+00   2.000000E+00
   1.234567E+01   4.396064E+00   1.234567E+01
  plotrec         9.701237E+01   6.635766E+01   6.002655E+02   6.920028E+02
   2.602743E+03   6.038418E+02   5.685388E+02   9.969637E+02   6.003254E+02
   2.602743E+03   2.577799E+03   2.501691E+03   2.372233E+03   2.185367E+03
   1.942747E+03   1.653830E+03   9.969637E+02   9.807342E+02   9.653785E+02
   5.852371E+02   7.741380E-01   2.000000E+00   7.000000E+00   2.000000E+00
   1.234567E+01   4.396064E+00   1.234567E+01
  plotrec         9.750922E+01   6.635752E+01   6.002654E+02   6.919598E+02
   2.602744E+03   6.037594E+02   5.685379E+02   9.969636E+02   6.003240E+02
   2.602744E+03   2.577799E+03   2.501691E+03   2.372233E+03   2.185367E+03
   1.942747E+03   1.653830E+03   9.969636E+02   9.807341E+02   9.653785E+02
   5.852371E+02   7.741379E-01   2.000000E+00   7.000000E+00   2.000000E+00
   1.234567E+01   4.396063E+00   1.234567E+01
  plotrec         9.800607E+01   6.635739E+01   6.002654E+02   6.919179E+02
   2.602744E+03   6.036789E+02   5.685370E+02   9.969636E+02   6.003225E+02
   2.602744E+03   2.577799E+03   2.501691E+03   2.372233E+03   2.185367E+03
   1.942747E+03   1.653830E+03   9.969636E+02   9.807341E+02   9.653784E+02
   5.852371E+02   7.741379E-01   2.000000E+00   7.000000E+00   2.000000E+00
   1.234567E+01   4.396063E+00   1.234567E+01
  plotrec         9.851044E+01   6.635726E+01   6.002653E+02   6.918765E+02
   2.602744E+03   6.035991E+02   5.685362E+02   9.969636E+02   6.003212E+02
   2.602744E+03   2.577799E+03   2.501691E+03   2.372233E+03   2.185367E+03
   1.942747E+03   1.653830E+03   9.969636E+02   9.807341E+02   9.653784E+02
   5.852371E+02   7.741378E-01   2.000000E+00   7.000000E+00   2.000000E+00
   1.234567E+01   4.396063E+00   1.234567E+01
  plotrec         9.900729E+01   6.635713E+01   6.002653E+02   6.918369E+02
   2.602744E+03   6.035223E+02   5.685354E+02   9.969636E+02   6.003198E+02
   2.602744E+03   2.577800E+03   2.501691E+03   2.372233E+03   2.185367E+03
   1.942747E+03   1.653830E+03   9.969636E+02   9.807340E+02   9.653784E+02
   5.852371E+02   7.741377E-01   2.000000E+00   7.000000E+00   2.000000E+00
   1.234567E+01   4.396063E+00   1.234567E+01
  plotrec         9.951167E+01   6.635701E+01   6.002652E+02   6.917977E+02
   2.602744E+03   6.034461E+02   5.685346E+02   9.969635E+02   6.003185E+02
   2.602744E+03   2.577800E+03   2.501691E+03   2.372233E+03   2.185367E+03
   1.942747E+03   1.653830E+03   9.969635E+02   9.807340E+02   9.653783E+02
   5.852371E+02   7.741377E-01   2.000000E+00   7.000000E+00   2.000000E+00
   1.234567E+01   4.396063E+00   1.234567E+01
  plotrec         1.000010E+02   6.635690E+01   6.002651E+02   6.917606E+02
   2.602744E+03   6.033739E+02   5.685339E+02   9.969635E+02   6.003172E+02
   2.602744E+03   2.577800E+03   2.501691E+03   2.372233E+03   2.185367E+03
   1.942747E+03   1.653830E+03   9.969635E+02   9.807339E+02   9.653782E+02
   5.852370E+02   7.741377E-01   2.000000E+00   7.000000E+00   2.000000E+00
   1.234567E+01   4.396063E+00   1.234567E+01
