15550701    888    0.001070538     0.     0.     1
15550702    888    0.003207030     0.     0.     2
15550703    888    0.005329790     0.     0.     3
15550704    888    0.007429727     0.     0.     4
15550705    888    0.009497848     0.     0.     5
15550706    888    0.011525298     0.     0.     6
15550707    888    0.013503395     0.     0.     7
15550708    888    0.015423668     0.     0.     8
15550709    888    0.017277895     0.     0.     9
15550710    888    0.019058136     0.     0.     10
15550711    888    0.020756766     0.     0.     11
15550712    888    0.022366513     0.     0.     12
15550713    888    0.023880483     0.     0.     13
15550714    888    0.025292193     0.     0.     14
15550715    888    0.026595597     0.     0.     15
15550716    888    0.027785116     0.     0.     16
15550717    888    0.028855654     0.     0.     17
15550718    888    0.029802628     0.     0.     18
15550719    888    0.030621983     0.     0.     19
15550720    888    0.031310210     0.     0.     20
15550721    888    0.031864361     0.     0.     21
15550722    888    0.032282064     0.     0.     22
15550723    888    0.032561531     0.     0.     23
15550724    888    0.032701564     0.     0.     24
15550725    888    0.032701564     0.     0.     25
15550726    888    0.032561531     0.     0.     26
15550727    888    0.032282064     0.     0.     27
15550728    888    0.031864361     0.     0.     28
15550729    888    0.031310210     0.     0.     29
15550730    888    0.030621983     0.     0.     30
15550731    888    0.029802628     0.     0.     31
15550732    888    0.028855654     0.     0.     32
15550733    888    0.027785116     0.     0.     33
15550734    888    0.026595597     0.     0.     34
15550735    888    0.025292193     0.     0.     35
15550736    888    0.023880483     0.     0.     36
15550737    888    0.022366513     0.     0.     37
15550738    888    0.020756766     0.     0.     38
15550739    888    0.019058136     0.     0.     39
15550740    888    0.017277895     0.     0.     40
15550741    888    0.015423668     0.     0.     41
15550742    888    0.013503395     0.     0.     42
15550743    888    0.011525298     0.     0.     43
15550744    888    0.009497848     0.     0.     44
15550745    888    0.007429727     0.     0.     45
15550746    888    0.005329790     0.     0.     46
15550747    888    0.003207030     0.     0.     47
15550748    888    0.001070538     0.     0.     48
15550749    888    0.000000000     0.     0.     49
15550750    888    0.000000000     0.     0.     50
