  RELAP5/3.3gl          strip file                14-Apr-22    23:21:12   
 strip_input                                                                    
  plotinf          6         0
  plotalf   time      p         p         tempf     mflowj  
  plotnum          0 555010000 555490000 555490000 555490000
  plotrec         0.000000E+00   1.551000E+07   1.551000E+07   5.662500E+02
   0.000000E+00
  plotrec         5.001979E-01   1.539761E+07   1.532483E+07   5.661871E+02
   3.350043E-01
  plotrec         1.000198E+00   1.539761E+07   1.532484E+07   5.661920E+02
   3.350000E-01
  plotrec         1.507254E+00   1.539761E+07   1.532484E+07   5.661920E+02
   3.350000E-01
  plotrec         2.004135E+00   1.539761E+07   1.532484E+07   5.661920E+02
   3.350000E-01
  plotrec         2.501017E+00   1.539761E+07   1.532484E+07   5.661920E+02
   3.350000E-01
  plotrec         3.005427E+00   1.539761E+07   1.532484E+07   5.661920E+02
   3.350000E-01
  plotrec         3.502308E+00   1.539762E+07   1.532484E+07   5.661920E+02
   3.350000E-01
  plotrec         4.006718E+00   1.539762E+07   1.532485E+07   5.661920E+02
   3.350000E-01
  plotrec         4.503600E+00   1.539762E+07   1.532485E+07   5.661920E+02
   3.350000E-01
  plotrec         5.000481E+00   1.539762E+07   1.532485E+07   5.661920E+02
   3.350000E-01
  plotrec         5.504891E+00   1.539762E+07   1.532485E+07   5.661920E+02
   3.350000E-01
  plotrec         6.001772E+00   1.539762E+07   1.532485E+07   5.661920E+02
   3.350000E-01
  plotrec         6.506182E+00   1.539763E+07   1.532486E+07   5.661920E+02
   3.350000E-01
  plotrec         7.003064E+00   1.539763E+07   1.532486E+07   5.661920E+02
   3.350000E-01
  plotrec         7.507473E+00   1.539763E+07   1.532486E+07   5.661920E+02
   3.350000E-01
  plotrec         8.004354E+00   1.539763E+07   1.532486E+07   5.661920E+02
   3.350000E-01
  plotrec         8.501236E+00   1.539763E+07   1.532486E+07   5.661920E+02
   3.350000E-01
  plotrec         9.005647E+00   1.539764E+07   1.532486E+07   5.661920E+02
   3.350000E-01
  plotrec         9.502527E+00   1.539764E+07   1.532486E+07   5.661920E+02
   3.350000E-01
  plotrec         1.000694E+01   1.539764E+07   1.532487E+07   5.661920E+02
   3.350000E-01
  plotrec         1.051135E+01   1.539764E+07   1.532487E+07   5.661920E+02
   3.350000E-01
  plotrec         1.100823E+01   1.539764E+07   1.532487E+07   5.661920E+02
   3.350000E-01
  plotrec         1.151264E+01   1.539764E+07   1.532487E+07   5.661920E+02
   3.350000E-01
  plotrec         1.200952E+01   1.539764E+07   1.532487E+07   5.661920E+02
   3.350000E-01
  plotrec         1.251393E+01   1.539765E+07   1.532488E+07   5.661920E+02
   3.350000E-01
  plotrec         1.301081E+01   1.539765E+07   1.532488E+07   5.661920E+02
   3.350000E-01
  plotrec         1.350769E+01   1.539765E+07   1.532488E+07   5.661920E+02
   3.350000E-01
  plotrec         1.401210E+01   1.539765E+07   1.532488E+07   5.661920E+02
   3.350000E-01
  plotrec         1.450898E+01   1.539765E+07   1.532488E+07   5.661920E+02
   3.350000E-01
  plotrec         1.501339E+01   1.539766E+07   1.532488E+07   5.661920E+02
   3.350000E-01
  plotrec         1.551028E+01   1.539766E+07   1.532488E+07   5.661920E+02
   3.350000E-01
  plotrec         1.600716E+01   1.539766E+07   1.532489E+07   5.661920E+02
   3.350000E-01
  plotrec         1.651157E+01   1.539766E+07   1.532489E+07   5.661920E+02
   3.350000E-01
  plotrec         1.700845E+01   1.539766E+07   1.532489E+07   5.661920E+02
   3.350000E-01
  plotrec         1.751286E+01   1.539766E+07   1.532489E+07   5.661920E+02
   3.350000E-01
  plotrec         1.800974E+01   1.539766E+07   1.532489E+07   5.661920E+02
   3.350000E-01
  plotrec         1.851415E+01   1.539767E+07   1.532490E+07   5.661920E+02
   3.350000E-01
  plotrec         1.901103E+01   1.539767E+07   1.532490E+07   5.661920E+02
   3.350000E-01
  plotrec         1.950791E+01   1.539767E+07   1.532490E+07   5.661920E+02
   3.350000E-01
  plotrec         2.001232E+01   1.539767E+07   1.532490E+07   5.661920E+02
   3.350000E-01
  plotrec         2.050920E+01   1.539767E+07   1.532490E+07   5.661920E+02
   3.350000E-01
  plotrec         2.101361E+01   1.539768E+07   1.532490E+07   5.661920E+02
   3.350000E-01
  plotrec         2.151050E+01   1.539768E+07   1.532491E+07   5.661920E+02
   3.350000E-01
  plotrec         2.200738E+01   1.539768E+07   1.532491E+07   5.661920E+02
   3.350000E-01
  plotrec         2.251179E+01   1.539768E+07   1.532491E+07   5.661920E+02
   3.350000E-01
  plotrec         2.300867E+01   1.539768E+07   1.532491E+07   5.661920E+02
   3.350000E-01
  plotrec         2.351308E+01   1.539768E+07   1.532491E+07   5.661920E+02
   3.350000E-01
  plotrec         2.400996E+01   1.539769E+07   1.532491E+07   5.661920E+02
   3.350000E-01
  plotrec         2.451437E+01   1.539769E+07   1.532492E+07   5.661920E+02
   3.350000E-01
  plotrec         2.501125E+01   1.539608E+07   1.532488E+07   5.661920E+02
   3.346270E-01
  plotrec         2.551301E+01   1.539442E+07   1.532565E+07   5.661919E+02
   3.191794E-01
  plotrec         2.601258E+01   1.539487E+07   1.532611E+07   5.568869E+02
   3.138938E-01
  plotrec         2.651388E+01   1.539546E+07   1.532635E+07   5.380264E+02
   3.161946E-01
  plotrec         2.701397E+01   1.539608E+07   1.532656E+07   5.190860E+02
   3.179893E-01
  plotrec         2.751034E+01   1.539673E+07   1.532675E+07   5.001901E+02
   3.194578E-01
  plotrec         2.800998E+01   1.539745E+07   1.532692E+07   4.810882E+02
   3.207312E-01
  plotrec         2.851152E+01   1.539826E+07   1.532707E+07   4.618416E+02
   3.218765E-01
  plotrec         2.901367E+01   1.539918E+07   1.532721E+07   4.425056E+02
   3.229449E-01
  plotrec         2.951520E+01   1.540025E+07   1.532734E+07   4.231311E+02
   3.239797E-01
  plotrec         3.001490E+01   1.540194E+07   1.532747E+07   4.037654E+02
   3.251539E-01
  plotrec         3.050822E+01   1.540358E+07   1.532742E+07   3.844490E+02
   3.304265E-01
  plotrec         3.101142E+01   1.540410E+07   1.532738E+07   3.671004E+02
   3.347721E-01
  plotrec         3.151461E+01   1.540411E+07   1.532738E+07   3.662489E+02
   3.350000E-01
  plotrec         3.200793E+01   1.540411E+07   1.532738E+07   3.662489E+02
   3.350000E-01
  plotrec         3.251112E+01   1.540411E+07   1.532739E+07   3.662489E+02
   3.350000E-01
  plotrec         3.301431E+01   1.540411E+07   1.532739E+07   3.662489E+02
   3.350000E-01
  plotrec         3.350764E+01   1.540411E+07   1.532739E+07   3.662489E+02
   3.350000E-01
  plotrec         3.401083E+01   1.540411E+07   1.532739E+07   3.662489E+02
   3.350000E-01
  plotrec         3.451402E+01   1.540412E+07   1.532739E+07   3.662489E+02
   3.350000E-01
  plotrec         3.500734E+01   1.540412E+07   1.532739E+07   3.662489E+02
   3.350000E-01
  plotrec         3.551054E+01   1.540412E+07   1.532739E+07   3.662489E+02
   3.350000E-01
  plotrec         3.601373E+01   1.540412E+07   1.532739E+07   3.662489E+02
   3.350000E-01
  plotrec         3.650705E+01   1.540412E+07   1.532739E+07   3.662489E+02
   3.350000E-01
  plotrec         3.701024E+01   1.540412E+07   1.532740E+07   3.662489E+02
   3.350000E-01
  plotrec         3.751343E+01   1.540412E+07   1.532740E+07   3.662489E+02
   3.350000E-01
  plotrec         3.801662E+01   1.540412E+07   1.532740E+07   3.662489E+02
   3.350000E-01
  plotrec         3.850995E+01   1.540412E+07   1.532740E+07   3.662489E+02
   3.350000E-01
  plotrec         3.901314E+01   1.540412E+07   1.532740E+07   3.662489E+02
   3.350000E-01
  plotrec         3.951633E+01   1.540412E+07   1.532740E+07   3.662489E+02
   3.350000E-01
  plotrec         4.000965E+01   1.540412E+07   1.532740E+07   3.662489E+02
   3.350000E-01
  plotrec         4.051285E+01   1.540413E+07   1.532740E+07   3.662489E+02
   3.350000E-01
  plotrec         4.101604E+01   1.540413E+07   1.532740E+07   3.662489E+02
   3.350000E-01
  plotrec         4.150936E+01   1.540413E+07   1.532740E+07   3.662489E+02
   3.350000E-01
  plotrec         4.201255E+01   1.540413E+07   1.532740E+07   3.662489E+02
   3.350000E-01
  plotrec         4.251575E+01   1.540413E+07   1.532740E+07   3.662489E+02
   3.350000E-01
  plotrec         4.300907E+01   1.540413E+07   1.532741E+07   3.662489E+02
   3.350000E-01
  plotrec         4.351226E+01   1.540413E+07   1.532741E+07   3.662489E+02
   3.350000E-01
  plotrec         4.401545E+01   1.540413E+07   1.532741E+07   3.662489E+02
   3.350000E-01
  plotrec         4.450878E+01   1.540413E+07   1.532741E+07   3.662489E+02
   3.350000E-01
  plotrec         4.501197E+01   1.540414E+07   1.532741E+07   3.662489E+02
   3.350000E-01
  plotrec         4.551516E+01   1.540414E+07   1.532741E+07   3.662489E+02
   3.350000E-01
  plotrec         4.600848E+01   1.540414E+07   1.532741E+07   3.662489E+02
   3.350000E-01
  plotrec         4.651168E+01   1.540414E+07   1.532741E+07   3.662489E+02
   3.350000E-01
  plotrec         4.701487E+01   1.540414E+07   1.532741E+07   3.662489E+02
   3.350000E-01
  plotrec         4.750819E+01   1.540414E+07   1.532741E+07   3.662489E+02
   3.350000E-01
  plotrec         4.801138E+01   1.540414E+07   1.532742E+07   3.662489E+02
   3.350000E-01
  plotrec         4.851457E+01   1.540414E+07   1.532742E+07   3.662489E+02
   3.350000E-01
  plotrec         4.900790E+01   1.540414E+07   1.532742E+07   3.662489E+02
   3.350000E-01
  plotrec         4.951109E+01   1.540414E+07   1.532742E+07   3.662489E+02
   3.350000E-01
  plotrec         5.001428E+01   1.540414E+07   1.532742E+07   3.662489E+02
   3.350000E-01
  plotrec         5.050761E+01   1.540414E+07   1.532742E+07   3.662489E+02
   3.350000E-01
  plotrec         5.101080E+01   1.540415E+07   1.532742E+07   3.662489E+02
   3.350000E-01
  plotrec         5.151399E+01   1.540415E+07   1.532742E+07   3.662489E+02
   3.350000E-01
  plotrec         5.200731E+01   1.540415E+07   1.532742E+07   3.662489E+02
   3.350000E-01
  plotrec         5.251050E+01   1.540415E+07   1.532742E+07   3.662489E+02
   3.350000E-01
  plotrec         5.301369E+01   1.540415E+07   1.532742E+07   3.662489E+02
   3.350000E-01
  plotrec         5.350702E+01   1.540415E+07   1.532743E+07   3.662489E+02
   3.350000E-01
  plotrec         5.401021E+01   1.540415E+07   1.532743E+07   3.662489E+02
   3.350000E-01
  plotrec         5.451340E+01   1.540415E+07   1.532743E+07   3.662489E+02
   3.350000E-01
  plotrec         5.501659E+01   1.540415E+07   1.532743E+07   3.662489E+02
   3.350000E-01
  plotrec         5.550992E+01   1.540415E+07   1.532743E+07   3.662489E+02
   3.350000E-01
  plotrec         5.601311E+01   1.540416E+07   1.532743E+07   3.662489E+02
   3.350000E-01
  plotrec         5.651630E+01   1.540416E+07   1.532743E+07   3.662489E+02
   3.350000E-01
  plotrec         5.700962E+01   1.540416E+07   1.532743E+07   3.662489E+02
   3.350000E-01
  plotrec         5.751281E+01   1.540416E+07   1.532743E+07   3.662489E+02
   3.350000E-01
  plotrec         5.801601E+01   1.540416E+07   1.532743E+07   3.662489E+02
   3.350000E-01
  plotrec         5.850933E+01   1.540416E+07   1.532744E+07   3.662489E+02
   3.350000E-01
  plotrec         5.901252E+01   1.540416E+07   1.532744E+07   3.662489E+02
   3.350000E-01
  plotrec         5.951571E+01   1.540416E+07   1.532744E+07   3.662489E+02
   3.350000E-01
  plotrec         6.000904E+01   1.540416E+07   1.532744E+07   3.662489E+02
   3.350000E-01
  plotrec         6.051223E+01   1.540416E+07   1.532744E+07   3.662489E+02
   3.350000E-01
  plotrec         6.101542E+01   1.540416E+07   1.532744E+07   3.662489E+02
   3.350000E-01
  plotrec         6.150874E+01   1.540417E+07   1.532744E+07   3.662489E+02
   3.350000E-01
  plotrec         6.201194E+01   1.540417E+07   1.532744E+07   3.662489E+02
   3.350000E-01
  plotrec         6.251513E+01   1.540417E+07   1.532744E+07   3.662489E+02
   3.350000E-01
  plotrec         6.300845E+01   1.540417E+07   1.532744E+07   3.662489E+02
   3.350000E-01
  plotrec         6.351164E+01   1.540417E+07   1.532744E+07   3.662489E+02
   3.350000E-01
  plotrec         6.401483E+01   1.540417E+07   1.532745E+07   3.662489E+02
   3.350000E-01
  plotrec         6.450816E+01   1.540417E+07   1.532745E+07   3.662489E+02
   3.350000E-01
  plotrec         6.501135E+01   1.540417E+07   1.532745E+07   3.662489E+02
   3.350000E-01
  plotrec         6.551454E+01   1.540417E+07   1.532745E+07   3.662489E+02
   3.350000E-01
  plotrec         6.600787E+01   1.540417E+07   1.532745E+07   3.662489E+02
   3.350000E-01
  plotrec         6.651105E+01   1.540418E+07   1.532745E+07   3.662489E+02
   3.350000E-01
  plotrec         6.701424E+01   1.540418E+07   1.532745E+07   3.662489E+02
   3.350000E-01
  plotrec         6.750757E+01   1.540418E+07   1.532745E+07   3.662489E+02
   3.350000E-01
  plotrec         6.801077E+01   1.540418E+07   1.532745E+07   3.662489E+02
   3.350000E-01
  plotrec         6.851395E+01   1.540418E+07   1.532745E+07   3.662489E+02
   3.350000E-01
  plotrec         6.900728E+01   1.540418E+07   1.532746E+07   3.662489E+02
   3.350000E-01
  plotrec         6.951047E+01   1.540418E+07   1.532746E+07   3.662489E+02
   3.350000E-01
  plotrec         7.001366E+01   1.540418E+07   1.532746E+07   3.662489E+02
   3.350000E-01
  plotrec         7.050699E+01   1.540418E+07   1.532746E+07   3.662489E+02
   3.350000E-01
  plotrec         7.101018E+01   1.540418E+07   1.532746E+07   3.662489E+02
   3.350000E-01
  plotrec         7.151337E+01   1.540418E+07   1.532746E+07   3.662489E+02
   3.350000E-01
  plotrec         7.201656E+01   1.540419E+07   1.532746E+07   3.662489E+02
   3.350000E-01
  plotrec         7.250989E+01   1.540419E+07   1.532746E+07   3.662489E+02
   3.350000E-01
  plotrec         7.301308E+01   1.540419E+07   1.532746E+07   3.662489E+02
   3.350000E-01
  plotrec         7.351627E+01   1.540419E+07   1.532746E+07   3.662489E+02
   3.350000E-01
  plotrec         7.400959E+01   1.540419E+07   1.532746E+07   3.662489E+02
   3.350000E-01
  plotrec         7.451278E+01   1.540419E+07   1.532746E+07   3.662489E+02
   3.350000E-01
  plotrec         7.501598E+01   1.540419E+07   1.532747E+07   3.662489E+02
   3.350000E-01
  plotrec         7.550930E+01   1.540419E+07   1.532747E+07   3.662489E+02
   3.350000E-01
  plotrec         7.601249E+01   1.540419E+07   1.532747E+07   3.662489E+02
   3.350000E-01
  plotrec         7.651568E+01   1.540419E+07   1.532747E+07   3.662489E+02
   3.350000E-01
  plotrec         7.700900E+01   1.540420E+07   1.532747E+07   3.662489E+02
   3.350000E-01
  plotrec         7.751220E+01   1.540420E+07   1.532747E+07   3.662489E+02
   3.350000E-01
  plotrec         7.801539E+01   1.540420E+07   1.532747E+07   3.662489E+02
   3.350000E-01
  plotrec         7.850871E+01   1.540420E+07   1.532747E+07   3.662489E+02
   3.350000E-01
  plotrec         7.901190E+01   1.540420E+07   1.532747E+07   3.662489E+02
   3.350000E-01
  plotrec         7.951509E+01   1.540420E+07   1.532748E+07   3.662489E+02
   3.350000E-01
  plotrec         8.000842E+01   1.540420E+07   1.532748E+07   3.662489E+02
   3.350000E-01
  plotrec         8.051161E+01   1.540420E+07   1.532748E+07   3.662489E+02
   3.350000E-01
  plotrec         8.101480E+01   1.540420E+07   1.532748E+07   3.662489E+02
   3.350000E-01
  plotrec         8.150813E+01   1.540420E+07   1.532748E+07   3.662489E+02
   3.350000E-01
  plotrec         8.201131E+01   1.540420E+07   1.532748E+07   3.662489E+02
   3.350000E-01
  plotrec         8.251451E+01   1.540420E+07   1.532748E+07   3.662489E+02
   3.350000E-01
  plotrec         8.300784E+01   1.540421E+07   1.532748E+07   3.662489E+02
   3.350000E-01
  plotrec         8.351102E+01   1.540421E+07   1.532748E+07   3.662489E+02
   3.350000E-01
  plotrec         8.401421E+01   1.540421E+07   1.532748E+07   3.662489E+02
   3.350000E-01
  plotrec         8.450754E+01   1.540421E+07   1.532748E+07   3.662489E+02
   3.350000E-01
  plotrec         8.501073E+01   1.540421E+07   1.532748E+07   3.662489E+02
   3.350000E-01
  plotrec         8.551392E+01   1.540421E+07   1.532749E+07   3.662489E+02
   3.350000E-01
  plotrec         8.600725E+01   1.540421E+07   1.532749E+07   3.662489E+02
   3.350000E-01
  plotrec         8.651044E+01   1.540421E+07   1.532749E+07   3.662489E+02
   3.350000E-01
  plotrec         8.701363E+01   1.540421E+07   1.532749E+07   3.662489E+02
   3.350000E-01
  plotrec         8.750695E+01   1.540422E+07   1.532749E+07   3.662489E+02
   3.350000E-01
  plotrec         8.801015E+01   1.540422E+07   1.532749E+07   3.662489E+02
   3.350000E-01
  plotrec         8.851334E+01   1.540422E+07   1.532749E+07   3.662489E+02
   3.350000E-01
  plotrec         8.901653E+01   1.540422E+07   1.532749E+07   3.662489E+02
   3.350000E-01
  plotrec         8.950985E+01   1.540422E+07   1.532749E+07   3.662489E+02
   3.350000E-01
  plotrec         9.001305E+01   1.540422E+07   1.532750E+07   3.662489E+02
   3.350000E-01
  plotrec         9.051624E+01   1.540422E+07   1.532750E+07   3.662489E+02
   3.350000E-01
  plotrec         9.100956E+01   1.540422E+07   1.532750E+07   3.662489E+02
   3.350000E-01
  plotrec         9.151275E+01   1.540422E+07   1.532750E+07   3.662489E+02
   3.350000E-01
  plotrec         9.201594E+01   1.540422E+07   1.532750E+07   3.662489E+02
   3.350000E-01
  plotrec         9.250926E+01   1.540422E+07   1.532750E+07   3.662489E+02
   3.350000E-01
  plotrec         9.301246E+01   1.540422E+07   1.532750E+07   3.662489E+02
   3.350000E-01
  plotrec         9.351565E+01   1.540423E+07   1.532750E+07   3.662489E+02
   3.350000E-01
  plotrec         9.400897E+01   1.540423E+07   1.532750E+07   3.662489E+02
   3.350000E-01
  plotrec         9.451216E+01   1.540423E+07   1.532750E+07   3.662489E+02
   3.350000E-01
  plotrec         9.501536E+01   1.540423E+07   1.532750E+07   3.662489E+02
   3.350000E-01
  plotrec         9.550868E+01   1.540423E+07   1.532750E+07   3.662489E+02
   3.350000E-01
  plotrec         9.601187E+01   1.540423E+07   1.532751E+07   3.662489E+02
   3.350000E-01
  plotrec         9.651506E+01   1.540423E+07   1.532751E+07   3.662489E+02
   3.350000E-01
  plotrec         9.700838E+01   1.540423E+07   1.532751E+07   3.662489E+02
   3.350000E-01
  plotrec         9.751157E+01   1.540423E+07   1.532751E+07   3.662489E+02
   3.350000E-01
  plotrec         9.801477E+01   1.540424E+07   1.532751E+07   3.662489E+02
   3.350000E-01
  plotrec         9.850809E+01   1.540424E+07   1.532751E+07   3.662489E+02
   3.350000E-01
  plotrec         9.901128E+01   1.540424E+07   1.532751E+07   3.662489E+02
   3.350000E-01
  plotrec         9.951447E+01   1.540424E+07   1.532751E+07   3.662489E+02
   3.350000E-01
  plotrec         1.000078E+02   1.540424E+07   1.532751E+07   3.662489E+02
   3.350000E-01
